Longitude, Latitude
105.8009476, 21.0463141
105.8009458, 21.046128
105.8009703, 21.0461281
105.8011079, 21.0461288
105.8013006, 21.0461299
105.8013472, 21.0461301
105.8014341, 21.0461317
105.8018385, 21.0461327
105.8018807, 21.0461328
105.8019033, 21.0461329
105.8019223, 21.046133
105.8019628, 21.0461332
105.8023712, 21.0461355
105.8025166, 21.0461361
105.8025166, 21.0461361
105.8026171, 21.0461366
105.8030611, 21.0461363
105.8032661, 21.0461361
105.8042263, 21.0461347
105.8043671, 21.0461345
105.8048071, 21.0461339
105.8048071, 21.0461339
105.8049529, 21.0461337
105.8050187, 21.0461308
105.8050187, 21.0461308
105.8051828, 21.0451273
105.8052489, 21.0447233
105.8052695, 21.0445972
105.8053225, 21.0441697
105.8053355, 21.0440575
105.8053408, 21.043782
105.8053461, 21.043548
105.8053441, 21.0434053
105.8053372, 21.0432557
105.8053081, 21.0430923
105.8052701, 21.0429441
105.8052062, 21.0426952
105.8051824, 21.0424109
105.8051793, 21.0419316
105.8052062, 21.0417213
105.8052337, 21.0415433
105.8052905, 21.0413529
105.8053101, 21.0412872
105.8054341, 21.0409547
105.8055678, 21.0405964
105.8059797, 21.0400202
105.8059797, 21.0400202
105.8060677, 21.039602
105.8060913, 21.0394683
105.8061489, 21.0391394
105.8062242, 21.0386352
105.8062056, 21.0382851
105.8061865, 21.0379243
105.8061465, 21.0373116
105.8060425, 21.0369519
105.8059845, 21.0368341
105.8058509, 21.036563
105.8057618, 21.036439
105.8054469, 21.0360007
105.8052922, 21.0357855
105.8047742, 21.0350973
105.8047742, 21.0350973
105.804665, 21.0349523
105.804618, 21.0348943
105.804618, 21.0348943
105.8045424, 21.0347992
105.8045424, 21.0347992
105.8045962, 21.0347576
105.8048784, 21.0345287
105.8048938, 21.0345234
105.8049793, 21.034438
105.8049793, 21.034438
105.8049069, 21.0343442
105.8048794, 21.0343054
105.8046341, 21.0339719
105.8045244, 21.0338186
105.8044207, 21.033661
105.8043185, 21.0334892
105.8042209, 21.0333231
105.8041046, 21.0331266
105.8039823, 21.0329385
105.8038431, 21.0327274
105.8037525, 21.0325971
105.8036062, 21.0324149
105.8034568, 21.0322356
105.8032858, 21.0320465
105.8031104, 21.0318532
105.8027607, 21.0314501
105.8025603, 21.0312245
105.8023964, 21.0310442
105.8022624, 21.0308909
105.8021647, 21.0307193
105.8021647, 21.0307193
105.8018808, 21.0304187
105.8018347, 21.0303701
105.8016402, 21.0301634
105.8016402, 21.0301634
105.8015104, 21.0300063
105.8015104, 21.0300063
105.8013363, 21.0298053
105.8011977, 21.0296459
105.801061, 21.0294887
105.8004373, 21.0288062
105.7999041, 21.0282151
105.7996826, 21.0279629
105.7996027, 21.0278549
105.799575, 21.0277952
105.7995348, 21.0277085
105.7995348, 21.0277085
105.7993096, 21.0274666
105.7991699, 21.0273056
105.7990509, 21.0271511
105.7989616, 21.0270457
105.7989011, 21.0269696
105.798876, 21.0269379
105.7988055, 21.0268358
105.7987232, 21.0266824
105.7987125, 21.0266604
105.7986539, 21.0265406
105.7986539, 21.0265406
105.7986004, 21.0264408
105.7985047, 21.0262623
105.798419, 21.0261093
105.7983388, 21.0259504
105.7982647, 21.0257885
105.7982647, 21.0257885
105.798154, 21.0255242
105.7981023, 21.0253432
105.798081, 21.0252056
105.7980601, 21.0250206
105.7980488, 21.0248856
105.7980469, 21.0247624
105.798059, 21.0246561
105.7980786, 21.0245556
105.7981073, 21.0244616
105.7981376, 21.0243923
105.7982954, 21.0241364
105.7983321, 21.0240783
105.7983321, 21.0240783
105.7984144, 21.0239805
105.7986336, 21.0237637
105.7989074, 21.0235191
105.7989074, 21.0235191
105.8001189, 21.0224625
105.8003599, 21.0222291
105.8005364, 21.0220438
105.8007394, 21.0218201
105.8008861, 21.021622
105.8008861, 21.021622
105.8009915, 21.021457
105.8011407, 21.0212122
105.8012998, 21.020928
105.8012998, 21.020928
105.8015043, 21.020536
105.8015246, 21.0205
105.801584, 21.0203976
105.8016199, 21.0203349
105.8016199, 21.0203349
105.8015228, 21.0202821
105.801178, 21.0200819
105.8011204, 21.020048
105.8011204, 21.020048
105.8011708, 21.0199545
105.8011708, 21.0199545
105.8012081, 21.0198947
105.8012577, 21.0198151
105.8012577, 21.0198151
105.8013404, 21.0197011
105.8015011, 21.0193834
105.8017158, 21.0189591
105.8017158, 21.0189591
105.8018659, 21.0186624
105.801975, 21.0184467
105.8022846, 21.0178691
105.8025322, 21.0174717
105.8027186, 21.0171724
105.802743, 21.0171333
105.802743, 21.0171333
105.8027896, 21.0170651
105.8027896, 21.0170651
105.8031438, 21.0166162
105.8034991, 21.0161657
105.8036199, 21.0160121
105.8040538, 21.0154929
105.8041181, 21.01541
105.8041746, 21.0153368
105.8042061, 21.0152994
105.8042061, 21.0152994
105.8042104, 21.0152623
105.804213, 21.0152191
105.8042139, 21.0152034
105.8042147, 21.0151162
105.8042152, 21.0150782
105.804213, 21.0149733
105.804213, 21.0149733
105.8041817, 21.0149358
105.8041817, 21.0149358
105.8041037, 21.0148559
105.8038171, 21.0145885
105.8034476, 21.0142494
105.803415, 21.0142203
105.8033819, 21.0141915
105.8032644, 21.0140893
105.8030479, 21.0138245
105.8030479, 21.0138245
105.8029706, 21.0137637
105.8026829, 21.0135188
105.8026829, 21.0135188
105.8026596, 21.013497
105.8026596, 21.013497
105.802316, 21.013183
105.802316, 21.013183
105.8020708, 21.0129586
105.8019889, 21.01288
105.8018459, 21.0127464
105.8015835, 21.0125088
105.8008723, 21.0118576
105.8006501, 21.0116513
105.8005447, 21.0115565
105.8005447, 21.0115565
105.8004659, 21.0114897
105.8003199, 21.011366
105.8000687, 21.0111462
105.7997865, 21.0108967
105.7996054, 21.0107336
105.799472, 21.0106172
105.799418, 21.0105702
105.799418, 21.0105702
105.799323, 21.0104949
105.799323, 21.0104949
105.7994713, 21.0103446
105.7994713, 21.0103446
105.7995739, 21.0102455
105.7996898, 21.0101336
105.7996898, 21.0101336
105.8000993, 21.0097334
105.8002332, 21.0096
105.8002332, 21.0096
105.8003747, 21.0094597
105.8012857, 21.0085681
105.8014435, 21.0084068
105.8014435, 21.0084068
105.8013649, 21.008335
105.8008102, 21.007828
105.8000562, 21.007198
105.7999489, 21.0071095
105.7999489, 21.0071095
105.7998592, 21.0070433
105.7994212, 21.0067271
105.7989419, 21.0063702
