abcheader: 
  seq: 45423
  stamp: 
    secs: 1716542608
    nsecs: 693226814
  frame_id: "cloud"
height: 1
width: 541
fields: 
  - 
    name: "x"
    offset: 0
    datatype: 7
    count: 1
  - 
    name: "y"
    offset: 4
    datatype: 7
    count: 1
  - 
    name: "z"
    offset: 8
    datatype: 7
    count: 1
  - 
    name: "intensity"
    offset: 12
    datatype: 7
    count: 1
is_bigendian: False
point_step: 16
row_step: 8656
data: [0, 0, 0, 0, 0, 0, 0, 0, 0, 0, 0, 0, 0, 0, 0, 0, 0, 0, 0, 0, 0, 0, 0, 0, 0, 0, 0, 0, 0, 0, 0, 0, 0, 0, 0, 0, 0, 0, 0, 0, 0, 0, 0, 0, 0, 0, 0, 0, 0, 0, 0, 0, 0, 0, 0, 0, 0, 0, 0, 0, 0, 0, 0, 0, 0, 0, 0, 0, 0, 0, 0, 0, 0, 0, 0, 0, 0, 0, 0, 0, 0, 0, 0, 0, 0, 0, 0, 0, 0, 0, 0, 0, 0, 0, 0, 0, 0, 0, 0, 0, 0, 0, 0, 0, 0, 0, 0, 0, 0, 0, 0, 0, 0, 0, 0, 0, 0, 0, 0, 0, 0, 0, 0, 0, 0, 0, 0, 0, 89, 252, 0, 187, 240, 97, 20, 187, 0, 0, 0, 0, 0, 0, 0, 0, 170, 34, 182, 191, 86, 65, 213, 191, 0, 0, 0, 0, 0, 0, 0, 0, 43, 44, 181, 191, 67, 234, 215, 191, 0, 0, 0, 0, 0, 0, 0, 0, 7, 227, 181, 191, 1, 166, 220, 191, 0, 0, 0, 0, 0, 0, 0, 0, 126, 17, 179, 191, 16, 34, 221, 191, 0, 0, 0, 0, 0, 0, 0, 0, 197, 137, 175, 191, 13, 175, 220, 191, 0, 0, 0, 0, 0, 0, 0, 0, 181, 114, 173, 191, 105, 1, 222, 191, 0, 0, 0, 0, 0, 0, 0, 0, 242, 45, 170, 191, 198, 200, 221, 191, 0, 0, 0, 0, 0, 0, 0, 0, 253, 119, 168, 191, 77, 145, 223, 191, 0, 0, 0, 0, 0, 0, 0, 0, 53, 236, 163, 191, 228, 135, 221, 191, 0, 0, 0, 0, 0, 0, 0, 0, 172, 174, 161, 191, 229, 137, 222, 191, 0, 0, 0, 0, 0, 0, 0, 0, 133, 158, 158, 191, 195, 96, 222, 191, 0, 0, 0, 0, 0, 0, 0, 0, 231, 216, 157, 191, 108, 110, 225, 191, 0, 0, 0, 0, 0, 0, 0, 0, 62, 164, 154, 191, 196, 1, 225, 191, 0, 0, 0, 0, 0, 0, 0, 0, 70, 43, 151, 191, 140, 30, 224, 191, 0, 0, 0, 0, 0, 0, 0, 0, 91, 146, 148, 191, 40, 120, 224, 191, 0, 0, 0, 0, 0, 0, 0, 0, 153, 137, 146, 191, 98, 166, 225, 191, 0, 0, 0, 0, 0, 0, 0, 0, 227, 127, 142, 191, 118, 174, 223, 191, 0, 0, 0, 0, 0, 0, 0, 0, 179, 151, 139, 191, 147, 101, 223, 191, 0, 0, 0, 0, 0, 0, 0, 0, 116, 162, 136, 191, 39, 248, 222, 191, 0, 0, 0, 0, 0, 0, 0, 0, 8, 54, 135, 191, 236, 7, 225, 191, 0, 0, 0, 0, 0, 0, 0, 0, 27, 12, 133, 191, 22, 223, 225, 191, 0, 0, 0, 0, 0, 0, 0, 0, 58, 61, 130, 191, 50, 149, 225, 191, 0, 0, 0, 0, 0, 0, 0, 0, 188, 35, 128, 191, 232, 124, 226, 191, 0, 0, 0, 0, 0, 0, 0, 0, 207, 112, 124, 191, 159, 181, 227, 191, 0, 0, 0, 0, 0, 0, 0, 0, 244, 116, 120, 191, 96, 205, 228, 191, 0, 0, 0, 0, 0, 0, 0, 0, 67, 73, 111, 191, 147, 4, 225, 191, 0, 0, 0, 0, 0, 0, 0, 0, 255, 163, 106, 191, 69, 95, 225, 191, 0, 0, 0, 0, 0, 0, 0, 0, 190, 59, 102, 191, 95, 238, 225, 191, 0, 0, 0, 0, 0, 0, 0, 0, 189, 20, 99, 191, 158, 186, 227, 191, 0, 0, 0, 0, 0, 0, 0, 0, 37, 226, 95, 191, 54, 132, 229, 191, 0, 0, 0, 0, 0, 0, 0, 0, 56, 170, 89, 191, 135, 44, 228, 191, 0, 0, 0, 0, 0, 0, 0, 0, 91, 179, 84, 191, 39, 18, 228, 191, 0, 0, 0, 0, 0, 0, 0, 0, 101, 252, 81, 191, 82, 99, 230, 191, 0, 0, 0, 0, 0, 0, 0, 0, 122, 69, 73, 191, 141, 8, 226, 191, 0, 0, 0, 0, 0, 0, 0, 0, 69, 212, 69, 191, 107, 125, 227, 191, 0, 0, 0, 0, 0, 0, 0, 0, 136, 243, 65, 191, 86, 118, 228, 191, 0, 0, 0, 0, 0, 0, 0, 0, 177, 124, 60, 191, 166, 134, 227, 191, 0, 0, 0, 0, 0, 0, 0, 0, 96, 158, 58, 191, 94, 243, 230, 191, 0, 0, 0, 0, 0, 0, 0, 0, 105, 68, 53, 191, 188, 22, 230, 191, 0, 0, 0, 0, 0, 0, 0, 0, 56, 154, 48, 191, 212, 8, 230, 191, 0, 0, 0, 0, 0, 0, 0, 0, 144, 217, 44, 191, 237, 39, 231, 191, 0, 0, 0, 0, 0, 0, 0, 0, 185, 158, 38, 191, 243, 228, 228, 191, 0, 0, 0, 0, 0, 0, 0, 0, 39, 27, 34, 191, 127, 227, 228, 191, 0, 0, 0, 0, 0, 0, 0, 0, 146, 5, 30, 191, 92, 119, 229, 191, 0, 0, 0, 0, 0, 0, 0, 0, 109, 92, 25, 191, 8, 45, 229, 191, 0, 0, 0, 0, 0, 0, 0, 0, 255, 252, 21, 191, 106, 207, 230, 191, 0, 0, 0, 0, 0, 0, 0, 0, 134, 106, 18, 191, 53, 48, 232, 191, 0, 0, 0, 0, 0, 0, 0, 0, 185, 232, 13, 191, 122, 21, 232, 191, 0, 0, 0, 0, 0, 0, 0, 0, 233, 64, 8, 191, 130, 254, 229, 191, 0, 0, 0, 0, 0, 0, 0, 0, 200, 5, 4, 191, 247, 53, 230, 191, 0, 0, 0, 0, 0, 0, 0, 0, 203, 185, 255, 190, 10, 136, 230, 191, 0, 0, 0, 0, 0, 0, 0, 0, 34, 239, 247, 190, 234, 83, 231, 191, 0, 0, 0, 0, 0, 0, 0, 0, 224, 243, 238, 190, 15, 254, 230, 191, 0, 0, 0, 0, 0, 0, 0, 0, 212, 32, 231, 190, 218, 192, 231, 191, 0, 0, 0, 0, 0, 0, 0, 0, 5, 180, 224, 190, 194, 253, 233, 191, 0, 0, 0, 0, 0, 0, 0, 0, 246, 16, 216, 190, 65, 249, 233, 191, 0, 0, 0, 0, 0, 0, 0, 0, 181, 172, 205, 190, 210, 239, 231, 191, 0, 0, 0, 0, 0, 0, 0, 0, 232, 151, 199, 190, 106, 193, 234, 191, 0, 0, 0, 0, 0, 0, 0, 0, 98, 79, 192, 190, 151, 79, 236, 191, 0, 0, 0, 0, 0, 0, 0, 0, 126, 87, 180, 190, 98, 242, 231, 191, 0, 0, 0, 0, 0, 0, 0, 0, 48, 37, 172, 190, 160, 52, 232, 191, 0, 0, 0, 0, 0, 0, 0, 0, 16, 54, 164, 190, 12, 211, 232, 191, 0, 0, 0, 0, 0, 0, 0, 0, 185, 131, 157, 190, 231, 81, 235, 191, 0, 0, 0, 0, 0, 0, 0, 0, 95, 249, 148, 190, 32, 38, 235, 191, 0, 0, 0, 0, 0, 0, 0, 0, 10, 160, 139, 190, 233, 144, 233, 191, 0, 0, 0, 0, 0, 0, 0, 0, 186, 27, 132, 190, 168, 0, 235, 191, 0, 0, 0, 0, 0, 0, 0, 0, 98, 17, 120, 190, 31, 137, 235, 191, 0, 0, 0, 0, 0, 0, 0, 0, 65, 222, 101, 190, 196, 4, 234, 191, 0, 0, 0, 0, 0, 0, 0, 0, 87, 163, 85, 190, 59, 99, 234, 191, 0, 0, 0, 0, 0, 0, 0, 0, 80, 187, 68, 190, 169, 249, 233, 191, 0, 0, 0, 0, 0, 0, 0, 0, 84, 200, 52, 190, 202, 176, 234, 191, 0, 0, 0, 0, 0, 0, 0, 0, 205, 182, 33, 190, 175, 13, 231, 191, 0, 0, 0, 0, 0, 0, 0, 0, 231, 70, 3, 190, 221, 129, 208, 191, 0, 0, 0, 0, 0, 0, 0, 0, 61, 37, 218, 189, 219, 250, 194, 191, 0, 0, 0, 0, 0, 0, 0, 0, 99, 169, 182, 189, 194, 168, 186, 191, 0, 0, 0, 0, 0, 0, 0, 0, 98, 142, 154, 189, 180, 82, 184, 191, 0, 0, 0, 0, 0, 0, 0, 0, 72, 71, 128, 189, 18, 162, 183, 191, 0, 0, 0, 0, 0, 0, 0, 0, 76, 68, 75, 189, 183, 231, 181, 191, 0, 0, 0, 0, 0, 0, 0, 0, 87, 136, 22, 189, 130, 166, 179, 191, 0, 0, 0, 0, 0, 0, 0, 0, 122, 74, 200, 188, 250, 76, 179, 191, 0, 0, 0, 0, 0, 0, 0, 0, 66, 38, 76, 188, 237, 198, 182, 191, 0, 0, 0, 0, 0, 0, 0, 0, 179, 208, 150, 53, 85, 227, 181, 191, 0, 0, 0, 0, 0, 0, 0, 0, 253, 230, 77, 60, 32, 80, 184, 191, 0, 0, 0, 0, 0, 0, 0, 0, 60, 227, 208, 60, 195, 250, 186, 191, 0, 0, 0, 0, 0, 0, 0, 0, 33, 231, 27, 61, 89, 12, 186, 191, 0, 0, 0, 0, 0, 0, 0, 0, 52, 217, 76, 61, 241, 79, 183, 191, 0, 0, 0, 0, 0, 0, 0, 0, 209, 186, 128, 61, 191, 69, 184, 191, 0, 0, 0, 0, 0, 0, 0, 0, 1, 70, 150, 61, 199, 53, 179, 191, 0, 0, 0, 0, 0, 0, 0, 0, 3, 170, 172, 61, 52, 112, 176, 191, 0, 0, 0, 0, 0, 0, 0, 0, 187, 1, 196, 61, 47, 48, 175, 191, 0, 0, 0, 0, 0, 0, 0, 0, 93, 81, 215, 61, 195, 253, 170, 191, 0, 0, 0, 0, 0, 0, 0, 0, 152, 19, 240, 61, 64, 129, 171, 191, 0, 0, 0, 0, 0, 0, 0, 0, 58, 11, 2, 62, 183, 209, 168, 191, 0, 0, 0, 0, 0, 0, 0, 0, 66, 19, 13, 62, 163, 199, 167, 191, 0, 0, 0, 0, 0, 0, 0, 0, 183, 81, 24, 62, 96, 28, 167, 191, 0, 0, 0, 0, 0, 0, 0, 0, 87, 26, 37, 62, 237, 20, 168, 191, 0, 0, 0, 0, 0, 0, 0, 0, 190, 127, 49, 62, 159, 135, 168, 191, 0, 0, 0, 0, 0, 0, 0, 0, 77, 138, 62, 62, 116, 120, 169, 191, 0, 0, 0, 0, 0, 0, 0, 0, 240, 131, 74, 62, 1, 98, 169, 191, 0, 0, 0, 0, 0, 0, 0, 0, 204, 12, 246, 57, 252, 47, 66, 187, 0, 0, 0, 0, 0, 0, 0, 0, 96, 41, 100, 62, 31, 110, 170, 191, 0, 0, 0, 0, 0, 0, 0, 0, 245, 143, 8, 58, 0, 159, 65, 187, 0, 0, 0, 0, 0, 0, 0, 0, 207, 80, 15, 58, 216, 80, 65, 187, 0, 0, 0, 0, 0, 0, 0, 0, 193, 27, 169, 62, 72, 127, 217, 191, 0, 0, 0, 0, 0, 0, 0, 0, 243, 27, 197, 62, 193, 52, 242, 191, 0, 0, 0, 0, 0, 0, 0, 0, 162, 93, 207, 62, 48, 229, 243, 191, 0, 0, 0, 0, 0, 0, 0, 0, 145, 109, 215, 62, 9, 239, 242, 191, 0, 0, 0, 0, 0, 0, 0, 0, 146, 160, 225, 62, 70, 83, 244, 191, 0, 0, 0, 0, 0, 0, 0, 0, 2, 107, 236, 62, 68, 48, 246, 191, 0, 0, 0, 0, 0, 0, 0, 0, 188, 102, 242, 62, 37, 14, 243, 191, 0, 0, 0, 0, 0, 0, 0, 0, 73, 178, 253, 62, 84, 62, 245, 191, 0, 0, 0, 0, 0, 0, 0, 0, 253, 134, 2, 63, 99, 145, 243, 191, 0, 0, 0, 0, 0, 0, 0, 0, 5, 12, 7, 63, 133, 123, 243, 191, 0, 0, 0, 0, 0, 0, 0, 0, 12, 234, 12, 63, 197, 182, 245, 191, 0, 0, 0, 0, 0, 0, 0, 0, 255, 138, 16, 63, 52, 252, 243, 191, 0, 0, 0, 0, 0, 0, 0, 0, 245, 215, 21, 63, 21, 15, 245, 191, 0, 0, 0, 0, 0, 0, 0, 0, 47, 246, 26, 63, 21, 189, 245, 191, 0, 0, 0, 0, 0, 0, 0, 0, 97, 123, 31, 63, 23, 107, 245, 191, 0, 0, 0, 0, 0, 0, 0, 0, 49, 50, 38, 63, 203, 90, 248, 191, 0, 0, 0, 0, 0, 0, 0, 0, 42, 70, 41, 63, 255, 205, 245, 191, 0, 0, 0, 0, 0, 0, 0, 0, 134, 105, 46, 63, 105, 67, 246, 191, 0, 0, 0, 0, 0, 0, 0, 0, 185, 39, 53, 63, 92, 220, 248, 191, 0, 0, 0, 0, 0, 0, 0, 0, 115, 106, 56, 63, 71, 159, 246, 191, 0, 0, 0, 0, 0, 0, 0, 0, 83, 46, 62, 63, 89, 184, 247, 191, 0, 0, 0, 0, 0, 0, 0, 0, 75, 151, 66, 63, 253, 255, 246, 191, 0, 0, 0, 0, 0, 0, 0, 0, 123, 218, 71, 63, 11, 84, 247, 191, 0, 0, 0, 0, 0, 0, 0, 0, 118, 61, 77, 63, 105, 191, 247, 191, 0, 0, 0, 0, 0, 0, 0, 0, 16, 168, 82, 63, 138, 35, 248, 191, 0, 0, 0, 0, 0, 0, 0, 0, 69, 52, 88, 63, 107, 158, 248, 191, 0, 0, 0, 0, 0, 0, 0, 0, 156, 243, 92, 63, 62, 34, 248, 191, 0, 0, 0, 0, 0, 0, 0, 0, 17, 63, 100, 63, 234, 107, 250, 191, 0, 0, 0, 0, 0, 0, 0, 0, 152, 93, 105, 63, 104, 58, 250, 191, 0, 0, 0, 0, 0, 0, 0, 0, 63, 66, 112, 63, 141, 219, 251, 191, 0, 0, 0, 0, 0, 0, 0, 0, 49, 165, 116, 63, 186, 204, 250, 191, 0, 0, 0, 0, 0, 0, 0, 0, 71, 98, 122, 63, 236, 24, 251, 191, 0, 0, 0, 0, 0, 0, 0, 0, 129, 205, 127, 63, 145, 5, 251, 191, 0, 0, 0, 0, 0, 0, 0, 0, 117, 158, 130, 63, 250, 234, 250, 191, 0, 0, 0, 0, 0, 0, 0, 0, 4, 242, 133, 63, 115, 234, 251, 191, 0, 0, 0, 0, 0, 0, 0, 0, 148, 244, 135, 63, 95, 102, 250, 191, 0, 0, 0, 0, 0, 0, 0, 0, 110, 204, 132, 63, 125, 147, 239, 191, 0, 0, 0, 0, 0, 0, 0, 0, 252, 136, 130, 63, 157, 184, 230, 191, 0, 0, 0, 0, 0, 0, 0, 0, 1, 176, 130, 63, 202, 91, 226, 191, 0, 0, 0, 0, 0, 0, 0, 0, 118, 45, 133, 63, 128, 23, 226, 191, 0, 0, 0, 0, 0, 0, 0, 0, 41, 203, 136, 63, 249, 169, 227, 191, 0, 0, 0, 0, 0, 0, 0, 0, 101, 132, 141, 63, 173, 239, 230, 191, 0, 0, 0, 0, 0, 0, 0, 0, 15, 53, 148, 63, 182, 46, 237, 191, 0, 0, 0, 0, 0, 0, 0, 0, 232, 21, 155, 63, 216, 111, 243, 191, 0, 0, 0, 0, 0, 0, 0, 0, 8, 99, 161, 63, 232, 131, 248, 191, 0, 0, 0, 0, 0, 0, 0, 0, 53, 185, 160, 63, 245, 211, 242, 191, 0, 0, 0, 0, 0, 0, 0, 0, 120, 100, 155, 63, 70, 97, 230, 191, 0, 0, 0, 0, 0, 0, 0, 0, 68, 38, 155, 63, 186, 190, 225, 191, 0, 0, 0, 0, 0, 0, 0, 0, 56, 198, 157, 63, 129, 83, 225, 191, 0, 0, 0, 0, 0, 0, 0, 0, 244, 213, 156, 63, 112, 224, 219, 191, 0, 0, 0, 0, 0, 0, 0, 0, 61, 197, 157, 63, 75, 39, 217, 191, 0, 0, 0, 0, 0, 0, 0, 0, 243, 151, 158, 63, 243, 83, 214, 191, 0, 0, 0, 0, 0, 0, 0, 0, 82, 57, 158, 63, 163, 248, 209, 191, 0, 0, 0, 0, 0, 0, 0, 0, 3, 209, 159, 63, 33, 71, 208, 191, 0, 0, 0, 0, 0, 0, 0, 0, 135, 67, 159, 63, 108, 217, 203, 191, 0, 0, 0, 0, 0, 0, 0, 0, 248, 244, 160, 63, 254, 89, 202, 191, 0, 0, 0, 0, 0, 0, 0, 0, 21, 209, 159, 63, 176, 91, 197, 191, 0, 0, 0, 0, 0, 0, 0, 0, 239, 58, 160, 63, 46, 96, 194, 191, 0, 0, 0, 0, 0, 0, 0, 0, 234, 3, 161, 63, 54, 228, 191, 191, 0, 0, 0, 0, 0, 0, 0, 0, 33, 240, 160, 63, 96, 111, 188, 191, 0, 0, 0, 0, 0, 0, 0, 0, 15, 81, 161, 63, 12, 147, 185, 191, 0, 0, 0, 0, 0, 0, 0, 0, 124, 25, 163, 63, 241, 89, 184, 191, 0, 0, 0, 0, 0, 0, 0, 0, 234, 4, 161, 63, 171, 212, 178, 191, 0, 0, 0, 0, 0, 0, 0, 0, 166, 48, 161, 63, 169, 232, 175, 191, 0, 0, 0, 0, 0, 0, 0, 0, 71, 5, 162, 63, 33, 191, 173, 191, 0, 0, 0, 0, 0, 0, 0, 0, 158, 151, 161, 63, 144, 72, 170, 191, 0, 0, 0, 0, 0, 0, 0, 0, 164, 160, 162, 63, 13, 104, 168, 191, 0, 0, 0, 0, 0, 0, 0, 0, 36, 115, 164, 63, 149, 88, 167, 191, 0, 0, 0, 0, 0, 0, 0, 0, 140, 189, 161, 63, 187, 189, 161, 191, 0, 0, 0, 0, 0, 0, 0, 0, 136, 177, 163, 63, 162, 220, 160, 191, 0, 0, 0, 0, 0, 0, 0, 0, 151, 225, 162, 63, 17, 75, 157, 191, 0, 0, 0, 0, 0, 0, 0, 0, 63, 76, 162, 63, 251, 3, 154, 191, 0, 0, 0, 0, 0, 0, 0, 0, 90, 170, 164, 63, 188, 141, 153, 191, 0, 0, 0, 0, 0, 0, 0, 0, 160, 231, 165, 63, 61, 6, 152, 191, 0, 0, 0, 0, 0, 0, 0, 0, 203, 143, 164, 63, 50, 44, 148, 191, 0, 0, 0, 0, 0, 0, 0, 0, 32, 245, 167, 63, 205, 152, 148, 191, 0, 0, 0, 0, 0, 0, 0, 0, 34, 19, 194, 63, 17, 181, 168, 191, 0, 0, 0, 0, 0, 0, 0, 0, 164, 236, 228, 63, 77, 133, 195, 191, 0, 0, 0, 0, 0, 0, 0, 0, 187, 23, 232, 63, 237, 191, 194, 191, 0, 0, 0, 0, 0, 0, 0, 0, 167, 64, 236, 63, 156, 192, 194, 191, 0, 0, 0, 0, 0, 0, 0, 0, 117, 186, 240, 63, 84, 240, 194, 191, 0, 0, 0, 0, 0, 0, 0, 0, 63, 7, 247, 63, 250, 126, 196, 191, 0, 0, 0, 0, 0, 0, 0, 0, 135, 39, 251, 63, 96, 57, 196, 191, 0, 0, 0, 0, 0, 0, 0, 0, 166, 143, 0, 64, 52, 76, 197, 191, 0, 0, 0, 0, 0, 0, 0, 0, 22, 105, 3, 64, 246, 12, 198, 191, 0, 0, 0, 0, 0, 0, 0, 0, 166, 247, 5, 64, 26, 67, 198, 191, 0, 0, 0, 0, 0, 0, 0, 0, 54, 137, 8, 64, 52, 102, 198, 191, 0, 0, 0, 0, 0, 0, 0, 0, 1, 43, 11, 64, 51, 137, 198, 191, 0, 0, 0, 0, 0, 0, 0, 0, 239, 85, 14, 64, 114, 84, 199, 191, 0, 0, 0, 0, 0, 0, 0, 0, 83, 241, 17, 64, 171, 155, 200, 191, 0, 0, 0, 0, 0, 0, 0, 0, 245, 91, 21, 64, 45, 125, 201, 191, 0, 0, 0, 0, 0, 0, 0, 0, 186, 107, 24, 64, 103, 197, 201, 191, 0, 0, 0, 0, 0, 0, 0, 0, 63, 113, 27, 64, 75, 228, 201, 191, 0, 0, 0, 0, 0, 0, 0, 0, 40, 220, 26, 64, 113, 80, 197, 191, 0, 0, 0, 0, 0, 0, 0, 0, 0, 50, 26, 64, 101, 180, 192, 191, 0, 0, 0, 0, 0, 0, 0, 0, 148, 39, 20, 64, 75, 148, 181, 191, 0, 0, 0, 0, 0, 0, 0, 0, 134, 35, 14, 64, 216, 207, 170, 191, 0, 0, 0, 0, 0, 0, 0, 0, 199, 36, 9, 64, 122, 145, 161, 191, 0, 0, 0, 0, 0, 0, 0, 0, 138, 174, 7, 64, 42, 172, 156, 191, 0, 0, 0, 0, 0, 0, 0, 0, 189, 120, 8, 64, 174, 108, 154, 191, 0, 0, 0, 0, 0, 0, 0, 0, 59, 50, 9, 64, 79, 25, 152, 191, 0, 0, 0, 0, 0, 0, 0, 0, 42, 193, 10, 64, 1, 173, 150, 191, 0, 0, 0, 0, 0, 0, 0, 0, 162, 11, 13, 64, 182, 253, 149, 191, 0, 0, 0, 0, 0, 0, 0, 0, 250, 188, 15, 64, 194, 166, 149, 191, 0, 0, 0, 0, 0, 0, 0, 0, 130, 105, 17, 64, 219, 46, 148, 191, 0, 0, 0, 0, 0, 0, 0, 0, 200, 165, 15, 64, 160, 61, 143, 191, 0, 0, 0, 0, 0, 0, 0, 0, 205, 165, 17, 64, 42, 19, 142, 191, 0, 0, 0, 0, 0, 0, 0, 0, 230, 8, 21, 64, 42, 44, 142, 191, 0, 0, 0, 0, 0, 0, 0, 0, 188, 77, 25, 64, 88, 249, 142, 191, 0, 0, 0, 0, 0, 0, 0, 0, 75, 228, 28, 64, 4, 0, 143, 191, 0, 0, 0, 0, 0, 0, 0, 0, 202, 95, 61, 64, 99, 161, 168, 191, 0, 0, 0, 0, 0, 0, 0, 0, 244, 181, 105, 64, 219, 61, 203, 191, 0, 0, 0, 0, 0, 0, 0, 0, 139, 178, 100, 64, 78, 39, 194, 191, 0, 0, 0, 0, 0, 0, 0, 0, 81, 152, 101, 64, 34, 52, 190, 191, 0, 0, 0, 0, 0, 0, 0, 0, 250, 123, 103, 64, 103, 13, 187, 191, 0, 0, 0, 0, 0, 0, 0, 0, 193, 199, 105, 64, 140, 45, 184, 191, 0, 0, 0, 0, 0, 0, 0, 0, 23, 193, 106, 64, 117, 58, 180, 191, 0, 0, 0, 0, 0, 0, 0, 0, 228, 2, 108, 64, 160, 123, 176, 191, 0, 0, 0, 0, 0, 0, 0, 0, 93, 28, 108, 64, 32, 224, 171, 191, 0, 0, 0, 0, 0, 0, 0, 0, 42, 26, 107, 64, 77, 130, 166, 191, 0, 0, 0, 0, 0, 0, 0, 0, 44, 164, 105, 64, 48, 230, 160, 191, 0, 0, 0, 0, 0, 0, 0, 0, 48, 209, 104, 64, 197, 204, 155, 191, 0, 0, 0, 0, 0, 0, 0, 0, 242, 124, 105, 64, 7, 187, 151, 191, 0, 0, 0, 0, 0, 0, 0, 0, 25, 172, 112, 64, 169, 196, 151, 191, 0, 0, 0, 0, 0, 0, 0, 0, 69, 40, 127, 64, 13, 5, 156, 191, 0, 0, 0, 0, 0, 0, 0, 0, 235, 36, 166, 64, 152, 219, 196, 191, 0, 0, 0, 0, 0, 0, 0, 0, 213, 219, 169, 64, 115, 211, 194, 191, 0, 0, 0, 0, 0, 0, 0, 0, 190, 13, 3, 65, 230, 96, 17, 192, 0, 0, 0, 0, 0, 0, 0, 0, 114, 22, 3, 65, 15, 128, 12, 192, 0, 0, 0, 0, 0, 0, 0, 0, 225, 71, 3, 65, 147, 206, 7, 192, 0, 0, 0, 0, 0, 0, 0, 0, 193, 98, 3, 65, 145, 8, 3, 192, 0, 0, 0, 0, 0, 0, 0, 0, 233, 110, 3, 65, 183, 111, 252, 191, 0, 0, 0, 0, 0, 0, 0, 0, 47, 152, 3, 65, 176, 12, 243, 191, 0, 0, 0, 0, 0, 0, 0, 0, 203, 158, 3, 65, 23, 112, 233, 191, 0, 0, 0, 0, 0, 0, 0, 0, 179, 222, 3, 65, 130, 61, 224, 191, 0, 0, 0, 0, 0, 0, 0, 0, 232, 247, 3, 65, 193, 203, 214, 191, 0, 0, 0, 0, 0, 0, 0, 0, 111, 18, 4, 65, 27, 97, 205, 191, 0, 0, 0, 0, 0, 0, 0, 0, 22, 14, 4, 65, 38, 205, 195, 191, 0, 0, 0, 0, 0, 0, 0, 0, 79, 47, 4, 65, 181, 118, 186, 191, 0, 0, 0, 0, 0, 0, 0, 0, 92, 72, 133, 64, 197, 110, 50, 191, 0, 0, 0, 0, 0, 0, 0, 0, 180, 182, 132, 64, 246, 40, 40, 191, 0, 0, 0, 0, 0, 0, 0, 0, 15, 204, 132, 64, 104, 198, 30, 191, 0, 0, 0, 0, 0, 0, 0, 0, 231, 120, 133, 64, 117, 17, 22, 191, 0, 0, 0, 0, 0, 0, 0, 0, 123, 226, 133, 64, 5, 3, 13, 191, 0, 0, 0, 0, 0, 0, 0, 0, 66, 114, 134, 64, 178, 16, 4, 191, 0, 0, 0, 0, 0, 0, 0, 0, 239, 83, 132, 64, 174, 59, 241, 190, 0, 0, 0, 0, 0, 0, 0, 0, 43, 24, 128, 64, 98, 106, 215, 190, 0, 0, 0, 0, 0, 0, 0, 0, 79, 66, 134, 64, 164, 216, 206, 190, 0, 0, 0, 0, 0, 0, 0, 0, 34, 208, 134, 64, 158, 183, 188, 190, 0, 0, 0, 0, 0, 0, 0, 0, 171, 110, 134, 64, 198, 72, 169, 190, 0, 0, 0, 0, 0, 0, 0, 0, 98, 217, 133, 64, 251, 193, 149, 190, 0, 0, 0, 0, 0, 0, 0, 0, 253, 236, 133, 64, 60, 16, 131, 190, 0, 0, 0, 0, 0, 0, 0, 0, 98, 246, 143, 64, 125, 112, 113, 190, 0, 0, 0, 0, 0, 0, 0, 0, 23, 68, 174, 64, 18, 124, 115, 190, 0, 0, 0, 0, 0, 0, 0, 0, 179, 140, 174, 64, 219, 15, 67, 190, 0, 0, 0, 0, 0, 0, 0, 0, 74, 1, 172, 64, 237, 35, 16, 190, 0, 0, 0, 0, 0, 0, 0, 0, 154, 196, 157, 64, 56, 67, 176, 189, 0, 0, 0, 0, 0, 0, 0, 0, 134, 213, 155, 64, 204, 26, 46, 189, 0, 0, 0, 0, 0, 0, 0, 0, 99, 16, 156, 64, 191, 234, 2, 183, 0, 0, 0, 0, 0, 0, 0, 0, 98, 37, 157, 64, 141, 129, 47, 61, 0, 0, 0, 0, 0, 0, 0, 0, 39, 182, 160, 64, 173, 132, 179, 61, 0, 0, 0, 0, 0, 0, 0, 0, 235, 120, 162, 64, 161, 34, 8, 62, 0, 0, 0, 0, 0, 0, 0, 0, 220, 80, 164, 64, 214, 155, 55, 62, 0, 0, 0, 0, 0, 0, 0, 0, 195, 120, 151, 64, 246, 158, 83, 62, 0, 0, 0, 0, 0, 0, 0, 0, 216, 133, 149, 64, 217, 191, 122, 62, 0, 0, 0, 0, 0, 0, 0, 0, 81, 246, 152, 64, 101, 175, 149, 62, 0, 0, 0, 0, 0, 0, 0, 0, 28, 11, 146, 64, 210, 100, 163, 62, 0, 0, 0, 0, 0, 0, 0, 0, 8, 28, 143, 64, 38, 52, 180, 62, 0, 0, 0, 0, 0, 0, 0, 0, 34, 37, 142, 64, 64, 249, 198, 62, 0, 0, 0, 0, 0, 0, 0, 0, 186, 92, 141, 64, 81, 200, 217, 62, 0, 0, 0, 0, 0, 0, 0, 0, 128, 36, 141, 64, 238, 89, 237, 62, 0, 0, 0, 0, 0, 0, 0, 0, 168, 99, 141, 64, 83, 223, 0, 63, 0, 0, 0, 0, 0, 0, 0, 0, 19, 111, 141, 64, 228, 236, 10, 63, 0, 0, 0, 0, 0, 0, 0, 0, 143, 58, 142, 64, 220, 203, 21, 63, 0, 0, 0, 0, 0, 0, 0, 0, 18, 173, 143, 64, 118, 137, 33, 63, 0, 0, 0, 0, 0, 0, 0, 0, 34, 154, 144, 64, 176, 226, 44, 63, 0, 0, 0, 0, 0, 0, 0, 0, 48, 191, 146, 64, 248, 239, 57, 63, 0, 0, 0, 0, 0, 0, 0, 0, 94, 177, 152, 64, 5, 106, 76, 63, 0, 0, 0, 0, 0, 0, 0, 0, 143, 21, 163, 64, 8, 12, 102, 63, 0, 0, 0, 0, 0, 0, 0, 0, 159, 28, 177, 64, 63, 77, 131, 63, 0, 0, 0, 0, 0, 0, 0, 0, 174, 107, 178, 64, 129, 185, 138, 63, 0, 0, 0, 0, 0, 0, 0, 0, 182, 100, 178, 64, 79, 45, 145, 63, 0, 0, 0, 0, 0, 0, 0, 0, 32, 162, 178, 64, 164, 224, 151, 63, 0, 0, 0, 0, 0, 0, 0, 0, 133, 227, 178, 64, 44, 162, 158, 63, 0, 0, 0, 0, 0, 0, 0, 0, 234, 65, 177, 64, 244, 176, 163, 63, 0, 0, 0, 0, 0, 0, 0, 0, 93, 210, 171, 64, 118, 0, 165, 63, 0, 0, 0, 0, 0, 0, 0, 0, 208, 141, 76, 64, 176, 0, 76, 63, 0, 0, 0, 0, 0, 0, 0, 0, 3, 66, 65, 64, 14, 235, 71, 63, 0, 0, 0, 0, 0, 0, 0, 0, 61, 238, 59, 64, 16, 108, 73, 63, 0, 0, 0, 0, 0, 0, 0, 0, 37, 55, 56, 64, 58, 89, 76, 63, 0, 0, 0, 0, 0, 0, 0, 0, 190, 171, 53, 64, 50, 95, 80, 63, 0, 0, 0, 0, 0, 0, 0, 0, 33, 36, 50, 64, 234, 17, 83, 63, 0, 0, 0, 0, 0, 0, 0, 0, 127, 31, 49, 64, 70, 155, 88, 63, 0, 0, 0, 0, 0, 0, 0, 0, 141, 2, 49, 64, 45, 62, 95, 63, 0, 0, 0, 0, 0, 0, 0, 0, 225, 109, 49, 64, 137, 153, 102, 63, 0, 0, 0, 0, 0, 0, 0, 0, 68, 150, 49, 64, 136, 173, 109, 63, 0, 0, 0, 0, 0, 0, 0, 0, 95, 132, 48, 64, 25, 30, 115, 63, 0, 0, 0, 0, 0, 0, 0, 0, 137, 204, 47, 64, 117, 3, 121, 63, 0, 0, 0, 0, 0, 0, 0, 0, 250, 211, 46, 64, 16, 135, 126, 63, 0, 0, 0, 0, 0, 0, 0, 0, 198, 52, 46, 64, 242, 67, 130, 63, 0, 0, 0, 0, 0, 0, 0, 0, 42, 192, 45, 64, 132, 100, 133, 63, 0, 0, 0, 0, 0, 0, 0, 0, 82, 38, 44, 64, 94, 159, 135, 63, 0, 0, 0, 0, 0, 0, 0, 0, 27, 217, 43, 64, 150, 220, 138, 63, 0, 0, 0, 0, 0, 0, 0, 0, 159, 244, 45, 64, 224, 27, 144, 63, 0, 0, 0, 0, 0, 0, 0, 0, 166, 38, 11, 64, 109, 67, 108, 63, 0, 0, 0, 0, 0, 0, 0, 0, 154, 59, 4, 64, 37, 252, 101, 63, 0, 0, 0, 0, 0, 0, 0, 0, 72, 199, 4, 64, 87, 119, 108, 63, 0, 0, 0, 0, 0, 0, 0, 0, 97, 83, 3, 64, 180, 100, 111, 63, 0, 0, 0, 0, 0, 0, 0, 0, 63, 219, 2, 64, 150, 19, 116, 63, 0, 0, 0, 0, 0, 0, 0, 0, 185, 239, 3, 64, 136, 184, 123, 63, 0, 0, 0, 0, 0, 0, 0, 0, 19, 202, 8, 64, 202, 110, 133, 63, 0, 0, 0, 0, 0, 0, 0, 0, 80, 59, 70, 64, 45, 171, 197, 63, 0, 0, 0, 0, 0, 0, 0, 0, 250, 150, 69, 64, 116, 90, 201, 63, 0, 0, 0, 0, 0, 0, 0, 0, 177, 175, 229, 63, 40, 34, 111, 63, 0, 0, 0, 0, 0, 0, 0, 0, 177, 95, 226, 63, 184, 186, 112, 63, 0, 0, 0, 0, 0, 0, 0, 0, 208, 163, 224, 63, 48, 240, 115, 63, 0, 0, 0, 0, 0, 0, 0, 0, 135, 200, 222, 63, 23, 251, 118, 63, 0, 0, 0, 0, 0, 0, 0, 0, 82, 206, 220, 63, 231, 217, 121, 63, 0, 0, 0, 0, 0, 0, 0, 0, 81, 150, 223, 63, 116, 22, 129, 63, 0, 0, 0, 0, 0, 0, 0, 0, 83, 170, 223, 63, 160, 191, 131, 63, 0, 0, 0, 0, 0, 0, 0, 0, 177, 219, 229, 63, 192, 28, 138, 63, 0, 0, 0, 0, 0, 0, 0, 0, 47, 142, 233, 63, 92, 31, 143, 63, 0, 0, 0, 0, 0, 0, 0, 0, 129, 10, 229, 63, 204, 30, 143, 63, 0, 0, 0, 0, 0, 0, 0, 0, 232, 236, 222, 63, 204, 4, 142, 63, 0, 0, 0, 0, 0, 0, 0, 0, 110, 254, 218, 63, 67, 55, 142, 63, 0, 0, 0, 0, 0, 0, 0, 0, 92, 91, 216, 63, 254, 51, 143, 63, 0, 0, 0, 0, 0, 0, 0, 0, 215, 36, 214, 63, 6, 113, 144, 63, 0, 0, 0, 0, 0, 0, 0, 0, 3, 156, 211, 63, 74, 111, 145, 63, 0, 0, 0, 0, 0, 0, 0, 0, 161, 72, 209, 63, 169, 138, 146, 63, 0, 0, 0, 0, 0, 0, 0, 0, 150, 249, 204, 63, 242, 52, 146, 63, 0, 0, 0, 0, 0, 0, 0, 0, 126, 0, 204, 63, 55, 55, 148, 63, 0, 0, 0, 0, 0, 0, 0, 0, 221, 167, 204, 63, 215, 111, 151, 63, 0, 0, 0, 0, 0, 0, 0, 0, 159, 42, 205, 63, 136, 154, 154, 63, 0, 0, 0, 0, 0, 0, 0, 0, 58, 3, 204, 63, 66, 139, 156, 63, 0, 0, 0, 0, 0, 0, 0, 0, 161, 36, 203, 63, 94, 182, 158, 63, 0, 0, 0, 0, 0, 0, 0, 0, 129, 219, 205, 63, 251, 190, 163, 63, 0, 0, 0, 0, 0, 0, 0, 0, 240, 155, 206, 63, 242, 78, 167, 63, 0, 0, 0, 0, 0, 0, 0, 0, 220, 108, 206, 63, 214, 41, 170, 63, 0, 0, 0, 0, 0, 0, 0, 0, 235, 27, 206, 63, 21, 242, 172, 63, 0, 0, 0, 0, 0, 0, 0, 0, 124, 49, 208, 63, 63, 208, 177, 63, 0, 0, 0, 0, 0, 0, 0, 0, 17, 129, 170, 63, 120, 55, 148, 63, 0, 0, 0, 0, 0, 0, 0, 0, 235, 109, 145, 63, 46, 170, 128, 63, 0, 0, 0, 0, 0, 0, 0, 0, 80, 211, 143, 63, 47, 128, 129, 63, 0, 0, 0, 0, 0, 0, 0, 0, 67, 181, 140, 63, 85, 239, 128, 63, 0, 0, 0, 0, 0, 0, 0, 0, 191, 219, 139, 63, 117, 107, 130, 63, 0, 0, 0, 0, 0, 0, 0, 0, 164, 16, 138, 63, 189, 4, 131, 63, 0, 0, 0, 0, 0, 0, 0, 0, 45, 36, 133, 63, 163, 146, 128, 63, 0, 0, 0, 0, 0, 0, 0, 0, 18, 165, 130, 63, 79, 98, 128, 63, 0, 0, 0, 0, 0, 0, 0, 0, 177, 108, 130, 63, 159, 108, 130, 63, 0, 0, 0, 0, 0, 0, 0, 0, 130, 6, 128, 63, 131, 71, 130, 63, 0, 0, 0, 0, 0, 0, 0, 0, 182, 42, 124, 63, 28, 144, 130, 63, 0, 0, 0, 0, 0, 0, 0, 0, 0, 120, 120, 63, 91, 234, 130, 63, 0, 0, 0, 0, 0, 0, 0, 0, 44, 77, 117, 63, 203, 134, 131, 63, 0, 0, 0, 0, 0, 0, 0, 0, 146, 166, 114, 63, 50, 103, 132, 63, 0, 0, 0, 0, 0, 0, 0, 0, 112, 19, 109, 63, 68, 166, 131, 63, 0, 0, 0, 0, 0, 0, 0, 0, 71, 163, 70, 63, 205, 132, 96, 63, 0, 0, 0, 0, 0, 0, 0, 0, 126, 118, 41, 63, 193, 241, 66, 63, 0, 0, 0, 0, 0, 0, 0, 0, 152, 112, 32, 63, 189, 217, 59, 63, 0, 0, 0, 0, 0, 0, 0, 0, 227, 196, 32, 63, 198, 152, 63, 63, 0, 0, 0, 0, 0, 0, 0, 0, 212, 46, 27, 63, 103, 64, 60, 63, 0, 0, 0, 0, 0, 0, 0, 0, 236, 160, 27, 63, 89, 47, 64, 63, 0, 0, 0, 0, 0, 0, 0, 0, 132, 60, 23, 63, 60, 33, 62, 63, 0, 0, 0, 0, 0, 0, 0, 0, 30, 78, 23, 63, 81, 169, 65, 63, 0, 0, 0, 0, 0, 0, 0, 0, 214, 92, 20, 63, 127, 89, 65, 63, 0, 0, 0, 0, 0, 0, 0, 0, 198, 33, 19, 63, 18, 64, 67, 63, 0, 0, 0, 0, 0, 0, 0, 0, 74, 52, 16, 63, 104, 225, 66, 63, 0, 0, 0, 0, 0, 0, 0, 0, 22, 243, 14, 63, 184, 192, 68, 63, 0, 0, 0, 0, 0, 0, 0, 0, 177, 9, 12, 63, 83, 83, 68, 63, 0, 0, 0, 0, 0, 0, 0, 0, 83, 119, 10, 63, 240, 191, 69, 63, 0, 0, 0, 0, 0, 0, 0, 0, 236, 154, 9, 63, 103, 55, 72, 63, 0, 0, 0, 0, 0, 0, 0, 0, 152, 35, 8, 63, 134, 213, 73, 63, 0, 0, 0, 0, 0, 0, 0, 0, 110, 17, 8, 63, 124, 147, 77, 63, 0, 0, 0, 0, 0, 0, 0, 0, 40, 33, 6, 63, 126, 138, 78, 63, 0, 0, 0, 0, 0, 0, 0, 0, 157, 216, 1, 63, 56, 209, 75, 63, 0, 0, 0, 0, 0, 0, 0, 0, 176, 204, 248, 62, 182, 20, 71, 63, 0, 0, 0, 0, 0, 0, 0, 0, 159, 41, 239, 62, 119, 35, 67, 63, 0, 0, 0, 0, 0, 0, 0, 0, 86, 149, 232, 62, 154, 138, 65, 63, 0, 0, 0, 0, 0, 0, 0, 0, 59, 40, 228, 62, 163, 170, 65, 63, 0, 0, 0, 0, 0, 0, 0, 0, 182, 196, 224, 62, 154, 167, 66, 63, 0, 0, 0, 0, 0, 0, 0, 0, 54, 213, 217, 62, 54, 130, 64, 63, 0, 0, 0, 0, 0, 0, 0, 0, 156, 122, 212, 62, 26, 169, 63, 63, 0, 0, 0, 0, 0, 0, 0, 0, 108, 71, 213, 62, 171, 103, 68, 63, 0, 0, 0, 0, 0, 0, 0, 0, 172, 225, 208, 62, 135, 108, 68, 63, 0, 0, 0, 0, 0, 0, 0, 0, 37, 109, 201, 62, 180, 119, 65, 63, 0, 0, 0, 0, 0, 0, 0, 0, 94, 254, 201, 62, 125, 55, 70, 63, 0, 0, 0, 0, 0, 0, 0, 0, 106, 120, 196, 62, 84, 7, 69, 63, 0, 0, 0, 0, 0, 0, 0, 0, 122, 37, 194, 62, 97, 7, 71, 63, 0, 0, 0, 0, 0, 0, 0, 0, 12, 1, 190, 62, 216, 44, 71, 63, 0, 0, 0, 0, 0, 0, 0, 0, 149, 251, 189, 62, 119, 181, 75, 63, 0, 0, 0, 0, 0, 0, 0, 0, 56, 53, 186, 62, 14, 76, 76, 63, 0, 0, 0, 0, 0, 0, 0, 0, 56, 183, 189, 62, 163, 13, 85, 63, 0, 0, 0, 0, 0, 0, 0, 0, 70, 138, 183, 62, 69, 14, 83, 63, 0, 0, 0, 0, 0, 0, 0, 0, 235, 217, 185, 62, 1, 235, 90, 63, 0, 0, 0, 0, 0, 0, 0, 0, 57, 196, 184, 62, 33, 8, 95, 63, 0, 0, 0, 0, 0, 0, 0, 0, 242, 158, 186, 62, 65, 243, 102, 63, 0, 0, 0, 0, 0, 0, 0, 0, 191, 92, 219, 62, 91, 56, 139, 63, 0, 0, 0, 0, 0, 0, 0, 0, 177, 147, 213, 62, 142, 24, 139, 63, 0, 0, 0, 0, 0, 0, 0, 0, 100, 11, 211, 62, 125, 29, 141, 63, 0, 0, 0, 0, 0, 0, 0, 0, 150, 200, 202, 62, 240, 72, 139, 63, 0, 0, 0, 0, 0, 0, 0, 0, 101, 39, 194, 62, 73, 17, 137, 63, 0, 0, 0, 0, 0, 0, 0, 0, 253, 177, 188, 62, 116, 0, 137, 63, 0, 0, 0, 0, 0, 0, 0, 0, 242, 170, 186, 62, 197, 120, 139, 63, 0, 0, 0, 0, 0, 0, 0, 0, 193, 66, 179, 62, 9, 237, 137, 63, 0, 0, 0, 0, 0, 0, 0, 0, 237, 151, 174, 62, 16, 111, 138, 63, 0, 0, 0, 0, 0, 0, 0, 0, 230, 39, 169, 62, 224, 81, 138, 63, 0, 0, 0, 0, 0, 0, 0, 0, 60, 82, 164, 62, 255, 174, 138, 63, 0, 0, 0, 0, 0, 0, 0, 0, 62, 85, 159, 62, 236, 233, 138, 63, 0, 0, 0, 0, 0, 0, 0, 0, 1, 179, 152, 62, 16, 167, 137, 63, 0, 0, 0, 0, 0, 0, 0, 0, 158, 159, 147, 62, 180, 187, 137, 63, 0, 0, 0, 0, 0, 0, 0, 0, 150, 174, 142, 62, 21, 237, 137, 63, 0, 0, 0, 0, 0, 0, 0, 0, 146, 125, 137, 62, 10, 220, 137, 63, 0, 0, 0, 0, 0, 0, 0, 0, 187, 141, 132, 62, 160, 7, 138, 63, 0, 0, 0, 0, 0, 0, 0, 0, 248, 235, 127, 62, 42, 144, 138, 63, 0, 0, 0, 0, 0, 0, 0, 0, 180, 5, 116, 62, 94, 150, 137, 63, 0, 0, 0, 0, 0, 0, 0, 0, 233, 229, 107, 62, 136, 185, 138, 63, 0, 0, 0, 0, 0, 0, 0, 0, 249, 93, 96, 62, 16, 217, 137, 63, 0, 0, 0, 0, 0, 0, 0, 0, 231, 255, 83, 62, 12, 84, 136, 63, 0, 0, 0, 0, 0, 0, 0, 0, 102, 121, 74, 62, 235, 141, 136, 63, 0, 0, 0, 0, 0, 0, 0, 0, 253, 73, 65, 62, 171, 5, 137, 63, 0, 0, 0, 0, 0, 0, 0, 0, 70, 64, 58, 62, 22, 31, 139, 63, 0, 0, 0, 0, 0, 0, 0, 0, 9, 105, 47, 62, 48, 111, 138, 63, 0, 0, 0, 0, 0, 0, 0, 0, 63, 88, 38, 62, 117, 32, 139, 63, 0, 0, 0, 0, 0, 0, 0, 0, 100, 161, 26, 62, 68, 135, 137, 63, 0, 0, 0, 0, 0, 0, 0, 0, 78, 230, 20, 62, 63, 95, 141, 63, 0, 0, 0, 0, 0, 0, 0, 0, 203, 198, 9, 62, 54, 66, 140, 63, 0, 0, 0, 0, 0, 0, 0, 0, 31, 54, 0, 62, 110, 168, 140, 63, 0, 0, 0, 0, 0, 0, 0, 0, 16, 88, 35, 62, 6, 66, 194, 63, 0, 0, 0, 0, 0, 0, 0, 0, 80, 115, 28, 62, 182, 23, 203, 63, 0, 0, 0, 0, 0, 0, 0, 0, 217, 113, 14, 62, 180, 130, 203, 63, 0, 0, 0, 0, 0, 0, 0, 0, 129, 228, 253, 61, 212, 157, 201, 63, 0, 0, 0, 0, 0, 0, 0, 0, 31, 224, 227, 61, 162, 169, 203, 63, 0, 0, 0, 0, 0, 0, 0, 0, 85, 142, 200, 61, 212, 237, 204, 63, 0, 0, 0, 0, 0, 0, 0, 0, 28, 239, 168, 61, 150, 115, 201, 63, 0, 0, 0, 0, 0, 0, 0, 0, 35, 173, 142, 61, 175, 56, 204, 63, 0, 0, 0, 0, 0, 0, 0, 0, 167, 189, 98, 61, 99, 226, 202, 63, 0, 0, 0, 0, 0, 0, 0, 0, 125, 184, 42, 61, 199, 180, 203, 63, 0, 0, 0, 0, 0, 0, 0, 0, 31, 22, 226, 60, 81, 86, 202, 63, 0, 0, 0, 0, 0, 0, 0, 0, 153, 105, 82, 60, 229, 71, 188, 63, 0, 0, 0, 0, 0, 0, 0, 0, 108, 1, 180, 54, 150, 67, 171, 63, 0, 0, 0, 0, 0, 0, 0, 0, 15, 88, 32, 188, 77, 156, 143, 63, 0, 0, 0, 0, 0, 0, 0, 0, 3, 242, 158, 188, 121, 80, 142, 63, 0, 0, 0, 0, 0, 0, 0, 0, 68, 144, 237, 188, 130, 198, 141, 63, 0, 0, 0, 0, 0, 0, 0, 0, 79, 167, 30, 189, 84, 254, 141, 63, 0, 0, 0, 0, 0, 0, 0, 0, 160, 48, 66, 189, 236, 0, 139, 63, 0, 0, 0, 0, 0, 0, 0, 0, 212, 237, 109, 189, 164, 226, 141, 63, 0, 0, 0, 0, 0, 0, 0, 0, 54, 133, 137, 189, 149, 137, 140, 63, 0, 0, 0, 0, 0, 0, 0, 0, 125, 181, 156, 189, 242, 18, 140, 63, 0, 0, 0, 0, 0, 0, 0, 0, 185, 66, 176, 189, 178, 251, 139, 63, 0, 0, 0, 0, 0, 0, 0, 0, 94, 12, 197, 189, 59, 198, 140, 63, 0, 0, 0, 0, 0, 0, 0, 0, 127, 27, 216, 189, 126, 71, 140, 63, 0, 0, 0, 0, 0, 0, 0, 0, 126, 211, 237, 189, 214, 109, 141, 63, 0, 0, 0, 0, 0, 0, 0, 0, 48, 200, 254, 189, 144, 196, 139, 63, 0, 0, 0, 0, 0, 0, 0, 0, 83, 36, 10, 190, 209, 163, 140, 63, 0, 0, 0, 0, 0, 0, 0, 0, 142, 159, 20, 190, 79, 30, 141, 63, 0, 0, 0, 0, 0, 0, 0, 0, 162, 156, 30, 190, 225, 19, 141, 63, 0, 0, 0, 0, 0, 0, 0, 0, 160, 131, 41, 190, 17, 201, 141, 63, 0, 0, 0, 0, 0, 0, 0, 0, 225, 246, 49, 190, 17, 117, 140, 63, 0, 0, 0, 0, 0, 0, 0, 0, 203, 126, 64, 190, 237, 202, 143, 63, 0, 0, 0, 0, 0, 0, 0, 0, 11, 146, 72, 190, 204, 48, 142, 63, 0, 0, 0, 0, 0, 0, 0, 0, 112, 142, 81, 190, 78, 86, 141, 63, 0, 0, 0, 0, 0, 0, 0, 0, 182, 82, 95, 190, 187, 157, 143, 63, 0, 0, 0, 0, 0, 0, 0, 0, 88, 24, 103, 190, 194, 252, 141, 63, 0, 0, 0, 0, 0, 0, 0, 0, 45, 16, 114, 190, 26, 91, 142, 63, 0, 0, 0, 0, 0, 0, 0, 0, 182, 54, 124, 190, 27, 54, 142, 63, 0, 0, 0, 0, 0, 0, 0, 0, 202, 252, 131, 190, 183, 237, 142, 63, 0, 0, 0, 0, 0, 0, 0, 0, 170, 195, 138, 190, 140, 128, 144, 63, 0, 0, 0, 0, 0, 0, 0, 0, 104, 76, 144, 190, 210, 176, 144, 63, 0, 0, 0, 0, 0, 0, 0, 0, 151, 48, 148, 190, 77, 65, 143, 63, 0, 0, 0, 0, 0, 0, 0, 0, 204, 65, 152, 190, 148, 15, 142, 63, 0, 0, 0, 0, 0, 0, 0, 0, 250, 77, 158, 190, 197, 181, 142, 63, 0, 0, 0, 0, 0, 0, 0, 0, 75, 219, 162, 190, 121, 253, 141, 63, 0, 0, 0, 0, 0, 0, 0, 0, 198, 66, 169, 190, 82, 219, 142, 63, 0, 0, 0, 0, 0, 0, 0, 0, 147, 150, 175, 190, 108, 149, 143, 63, 0, 0, 0, 0, 0, 0, 0, 0, 30, 231, 182, 190, 187, 6, 145, 63, 0, 0, 0, 0, 0, 0, 0, 0, 76, 57, 189, 190, 123, 152, 145, 63, 0, 0, 0, 0, 0, 0, 0, 0, 167, 220, 191, 190, 67, 91, 143, 63, 0, 0, 0, 0, 0, 0, 0, 0, 137, 6, 199, 190, 124, 129, 144, 63, 0, 0, 0, 0, 0, 0, 0, 0, 159, 46, 202, 190, 38, 189, 142, 63, 0, 0, 0, 0, 0, 0, 0, 0, 67, 21, 209, 190, 140, 157, 143, 63, 0, 0, 0, 0, 0, 0, 0, 0, 173, 179, 215, 190, 157, 59, 144, 63, 0, 0, 0, 0, 0, 0, 0, 0, 225, 54, 224, 190, 250, 6, 146, 63, 0, 0, 0, 0, 0, 0, 0, 0, 178, 2, 255, 190, 48, 217, 161, 63, 0, 0, 0, 0, 0, 0, 0, 0, 95, 252, 42, 191, 45, 155, 211, 63, 0, 0, 0, 0, 0, 0, 0, 0, 234, 96, 46, 191, 76, 127, 210, 63, 0, 0, 0, 0, 0, 0, 0, 0, 160, 216, 51, 191, 104, 217, 211, 63, 0, 0, 0, 0, 0, 0, 0, 0, 56, 158, 54, 191, 0, 0, 210, 63, 0, 0, 0, 0, 0, 0, 0, 0, 156, 54, 59, 191, 100, 63, 210, 63, 0, 0, 0, 0, 0, 0, 0, 0, 14, 54, 65, 191, 55, 252, 211, 63, 0, 0, 0, 0, 0, 0, 0, 0, 74, 252, 69, 191, 79, 75, 212, 63, 0, 0, 0, 0, 0, 0, 0, 0, 186, 170, 75, 191, 118, 128, 213, 63, 0, 0, 0, 0, 0, 0, 0, 0, 60, 161, 81, 191, 235, 231, 214, 63, 0, 0, 0, 0, 0, 0, 0, 0, 247, 58, 84, 191, 107, 214, 212, 63, 0, 0, 0, 0, 0, 0, 0, 0, 151, 150, 87, 191, 178, 143, 211, 63, 0, 0, 0, 0, 0, 0, 0, 0, 121, 151, 96, 191, 200, 184, 215, 63, 0, 0, 0, 0, 0, 0, 0, 0, 39, 100, 102, 191, 169, 167, 216, 63, 0, 0, 0, 0, 0, 0, 0, 0, 0, 0, 0, 0, 0, 0, 0, 0, 0, 0, 0, 0, 0, 0, 0, 0, 0, 0, 0, 0, 0, 0, 0, 0, 0, 0, 0, 0, 0, 0, 0, 0, 0, 0, 0, 0, 0, 0, 0, 0, 0, 0, 0, 0, 0, 0, 0, 0, 0, 0, 0, 0, 0, 0, 0, 0, 0, 0, 0, 0, 0, 0, 0, 0, 0, 0, 0, 0, 0, 0, 0, 0, 0, 0, 0, 0, 0, 0, 0, 0, 0, 0, 0, 0, 0, 0, 0, 0, 0, 0, 0, 0, 0, 0, 0, 0, 110, 148, 161, 189, 214, 214, 3, 62, 0, 0, 0, 0, 0, 0, 0, 0, 0, 0, 0, 0, 0, 0, 0, 0, 0, 0, 0, 0, 0, 0, 0, 0, 0, 0, 0, 0, 0, 0, 0, 0, 0, 0, 0, 0, 0, 0, 0, 0, 0, 0, 0, 0, 0, 0, 0, 0, 0, 0, 0, 0, 0, 0, 0, 0, 233, 63, 158, 189, 199, 23, 239, 61, 0, 0, 0, 0, 0, 0, 0, 0, 51, 233, 164, 189, 140, 126, 244, 61, 0, 0, 0, 0, 0, 0, 0, 0, 45, 153, 156, 189, 6, 219, 227, 61, 0, 0, 0, 0, 0, 0, 0, 0, 100, 193, 159, 189, 113, 40, 228, 61, 0, 0, 0, 0, 0, 0, 0, 0, 229, 78, 165, 189, 212, 193, 231, 61, 0, 0, 0, 0, 0, 0, 0, 0, 134, 182, 163, 189, 202, 85, 225, 61, 0, 0, 0, 0, 0, 0, 0, 0, 149, 74, 180, 189, 81, 167, 243, 61, 0, 0, 0, 0, 0, 0, 0, 0, 150, 182, 178, 189, 7, 42, 237, 61, 0, 0, 0, 0, 0, 0, 0, 0, 43, 9, 177, 189, 160, 184, 230, 61, 0, 0, 0, 0, 0, 0, 0, 0, 166, 77, 180, 189, 8, 200, 230, 61, 0, 0, 0, 0, 0, 0, 0, 0, 114, 130, 192, 189, 129, 5, 242, 61, 0, 0, 0, 0, 0, 0, 0, 0, 0, 0, 0, 0, 0, 0, 0, 0, 0, 0, 0, 0, 0, 0, 0, 0, 0, 0, 0, 0, 0, 0, 0, 0, 0, 0, 0, 0, 0, 0, 0, 0, 0, 0, 0, 0, 0, 0, 0, 0, 0, 0, 0, 0, 0, 0, 0, 0, 0, 0, 0, 0, 0, 0, 0, 0, 0, 0, 0, 0, 0, 0, 0, 0, 0, 0, 0, 0, 0, 0, 0, 0, 0, 0, 0, 0, 0, 0, 0, 0, 0, 0, 0, 0, 0, 0, 0, 0, 0, 0, 0, 0, 0, 0, 0, 0, 0, 0, 0, 0, 0, 0, 0, 0, 0, 0, 0, 0, 0, 0, 0, 0, 0, 0, 0, 0, 0, 0, 0, 0, 0, 0, 0, 0, 0, 0, 0, 0, 0, 0, 0, 0, 0, 0, 0, 0, 0, 0, 0, 0, 0, 0, 0, 0, 0, 0, 0, 0, 0, 0, 0, 0, 0, 0, 0, 0, 0, 0, 0, 0, 0, 0, 0, 0, 0, 0, 0, 0, 0, 0, 0, 0, 0, 0, 0, 0, 0, 0, 0, 0, 0, 0, 0, 0, 0, 0, 0, 0, 0, 0, 0, 0, 0, 0, 0, 0, 0, 0, 0, 0, 0, 0, 0, 0, 0, 0, 0, 0]
is_dense: True
