abcheader: 
  seq: 41808
  stamp: 
    secs: 1716542536
    nsecs: 106326580
  frame_id: "cloud"
height: 1
width: 541
fields: 
  - 
    name: "x"
    offset: 0
    datatype: 7
    count: 1
  - 
    name: "y"
    offset: 4
    datatype: 7
    count: 1
  - 
    name: "z"
    offset: 8
    datatype: 7
    count: 1
  - 
    name: "intensity"
    offset: 12
    datatype: 7
    count: 1
is_bigendian: False
point_step: 16
row_step: 8656
data: [0, 0, 0, 0, 0, 0, 0, 0, 0, 0, 0, 0, 0, 0, 0, 0, 0, 0, 0, 0, 0, 0, 0, 0, 0, 0, 0, 0, 0, 0, 0, 0, 0, 0, 0, 0, 0, 0, 0, 0, 0, 0, 0, 0, 0, 0, 0, 0, 0, 0, 0, 0, 0, 0, 0, 0, 0, 0, 0, 0, 0, 0, 0, 0, 0, 0, 0, 0, 0, 0, 0, 0, 0, 0, 0, 0, 0, 0, 0, 0, 0, 0, 0, 0, 0, 0, 0, 0, 0, 0, 0, 0, 0, 0, 0, 0, 0, 0, 0, 0, 0, 0, 0, 0, 0, 0, 0, 0, 0, 0, 0, 0, 0, 0, 0, 0, 0, 0, 0, 0, 0, 0, 0, 0, 0, 0, 0, 0, 15, 56, 192, 191, 243, 31, 221, 191, 0, 0, 0, 0, 0, 0, 0, 0, 95, 182, 184, 191, 195, 69, 216, 191, 0, 0, 0, 0, 0, 0, 0, 0, 12, 83, 182, 191, 176, 73, 217, 191, 0, 0, 0, 0, 0, 0, 0, 0, 28, 197, 179, 191, 154, 20, 218, 191, 0, 0, 0, 0, 0, 0, 0, 0, 113, 96, 177, 191, 74, 11, 219, 191, 0, 0, 0, 0, 0, 0, 0, 0, 3, 99, 173, 191, 166, 250, 217, 191, 0, 0, 0, 0, 0, 0, 0, 0, 48, 102, 171, 191, 12, 98, 219, 191, 0, 0, 0, 0, 0, 0, 0, 0, 254, 158, 168, 191, 215, 192, 219, 191, 0, 0, 0, 0, 0, 0, 0, 0, 46, 118, 163, 191, 69, 236, 216, 191, 0, 0, 0, 0, 0, 0, 0, 0, 7, 44, 101, 191, 2, 219, 154, 191, 0, 0, 0, 0, 0, 0, 0, 0, 43, 35, 75, 191, 112, 204, 139, 191, 0, 0, 0, 0, 0, 0, 0, 0, 31, 87, 228, 186, 231, 15, 32, 187, 0, 0, 0, 0, 0, 0, 0, 0, 190, 137, 225, 186, 101, 13, 33, 187, 0, 0, 0, 0, 0, 0, 0, 0, 201, 205, 61, 191, 155, 21, 138, 191, 0, 0, 0, 0, 0, 0, 0, 0, 54, 26, 60, 191, 25, 112, 139, 191, 0, 0, 0, 0, 0, 0, 0, 0, 163, 102, 55, 191, 167, 139, 138, 191, 0, 0, 0, 0, 0, 0, 0, 0, 154, 136, 53, 191, 21, 197, 139, 191, 0, 0, 0, 0, 0, 0, 0, 0, 175, 153, 52, 191, 126, 190, 141, 191, 0, 0, 0, 0, 0, 0, 0, 0, 22, 95, 208, 186, 195, 187, 38, 187, 0, 0, 0, 0, 0, 0, 0, 0, 23, 116, 205, 186, 227, 162, 39, 187, 0, 0, 0, 0, 0, 0, 0, 0, 26, 133, 202, 186, 190, 134, 40, 187, 0, 0, 0, 0, 0, 0, 0, 0, 40, 146, 199, 186, 80, 103, 41, 187, 0, 0, 0, 0, 0, 0, 0, 0, 82, 155, 196, 186, 149, 68, 42, 187, 0, 0, 0, 0, 0, 0, 0, 0, 168, 160, 193, 186, 135, 30, 43, 187, 0, 0, 0, 0, 0, 0, 0, 0, 250, 5, 78, 191, 238, 214, 185, 191, 0, 0, 0, 0, 0, 0, 0, 0, 147, 153, 103, 191, 95, 71, 213, 191, 0, 0, 0, 0, 0, 0, 0, 0, 141, 10, 108, 191, 102, 247, 221, 191, 0, 0, 0, 0, 0, 0, 0, 0, 220, 128, 102, 191, 248, 101, 221, 191, 0, 0, 0, 0, 0, 0, 0, 0, 231, 238, 97, 191, 26, 182, 221, 191, 0, 0, 0, 0, 0, 0, 0, 0, 183, 116, 92, 191, 193, 21, 221, 191, 0, 0, 0, 0, 0, 0, 0, 0, 14, 182, 89, 191, 93, 48, 223, 191, 0, 0, 0, 0, 0, 0, 0, 0, 244, 95, 84, 191, 225, 160, 222, 191, 0, 0, 0, 0, 0, 0, 0, 0, 4, 213, 79, 191, 191, 217, 222, 191, 0, 0, 0, 0, 0, 0, 0, 0, 60, 76, 75, 191, 207, 12, 223, 191, 0, 0, 0, 0, 0, 0, 0, 0, 148, 85, 72, 191, 35, 251, 224, 191, 0, 0, 0, 0, 0, 0, 0, 0, 126, 175, 67, 191, 92, 6, 225, 191, 0, 0, 0, 0, 0, 0, 0, 0, 213, 140, 61, 191, 41, 71, 223, 191, 0, 0, 0, 0, 0, 0, 0, 0, 18, 65, 57, 191, 156, 159, 223, 191, 0, 0, 0, 0, 0, 0, 0, 0, 134, 28, 54, 191, 105, 95, 225, 191, 0, 0, 0, 0, 0, 0, 0, 0, 231, 187, 50, 191, 144, 223, 226, 191, 0, 0, 0, 0, 0, 0, 0, 0, 62, 53, 45, 191, 241, 156, 225, 191, 0, 0, 0, 0, 0, 0, 0, 0, 134, 67, 41, 191, 54, 92, 226, 191, 0, 0, 0, 0, 0, 0, 0, 0, 67, 11, 37, 191, 178, 186, 226, 191, 0, 0, 0, 0, 0, 0, 0, 0, 58, 154, 30, 191, 18, 241, 223, 191, 0, 0, 0, 0, 0, 0, 0, 0, 48, 176, 28, 191, 162, 135, 227, 191, 0, 0, 0, 0, 0, 0, 0, 0, 12, 243, 21, 191, 229, 19, 224, 191, 0, 0, 0, 0, 0, 0, 0, 0, 108, 89, 18, 191, 220, 53, 225, 191, 0, 0, 0, 0, 0, 0, 0, 0, 28, 204, 13, 191, 32, 221, 224, 191, 0, 0, 0, 0, 0, 0, 0, 0, 134, 23, 10, 191, 83, 215, 225, 191, 0, 0, 0, 0, 0, 0, 0, 0, 207, 148, 6, 191, 225, 43, 227, 191, 0, 0, 0, 0, 0, 0, 0, 0, 161, 192, 2, 191, 253, 254, 227, 191, 0, 0, 0, 0, 0, 0, 0, 0, 1, 194, 251, 190, 84, 244, 226, 191, 0, 0, 0, 0, 0, 0, 0, 0, 88, 94, 242, 190, 142, 34, 226, 191, 0, 0, 0, 0, 0, 0, 0, 0, 134, 99, 236, 190, 147, 131, 228, 191, 0, 0, 0, 0, 0, 0, 0, 0, 228, 107, 226, 190, 168, 8, 227, 191, 0, 0, 0, 0, 0, 0, 0, 0, 88, 197, 217, 190, 186, 197, 226, 191, 0, 0, 0, 0, 0, 0, 0, 0, 95, 69, 209, 190, 126, 157, 226, 191, 0, 0, 0, 0, 0, 0, 0, 0, 95, 119, 200, 190, 59, 16, 226, 191, 0, 0, 0, 0, 0, 0, 0, 0, 216, 161, 193, 190, 130, 190, 227, 191, 0, 0, 0, 0, 0, 0, 0, 0, 0, 32, 188, 190, 19, 43, 231, 191, 0, 0, 0, 0, 0, 0, 0, 0, 26, 86, 176, 190, 148, 203, 226, 191, 0, 0, 0, 0, 0, 0, 0, 0, 231, 190, 170, 190, 86, 81, 230, 191, 0, 0, 0, 0, 0, 0, 0, 0, 239, 235, 160, 190, 12, 41, 228, 191, 0, 0, 0, 0, 0, 0, 0, 0, 97, 135, 152, 190, 26, 223, 227, 191, 0, 0, 0, 0, 0, 0, 0, 0, 38, 125, 144, 190, 181, 17, 228, 191, 0, 0, 0, 0, 0, 0, 0, 0, 248, 249, 136, 190, 160, 34, 229, 191, 0, 0, 0, 0, 0, 0, 0, 0, 105, 121, 128, 190, 192, 137, 228, 191, 0, 0, 0, 0, 0, 0, 0, 0, 209, 99, 115, 190, 14, 24, 231, 191, 0, 0, 0, 0, 0, 0, 0, 0, 175, 127, 98, 190, 159, 150, 230, 191, 0, 0, 0, 0, 0, 0, 0, 0, 195, 70, 82, 190, 17, 179, 230, 191, 0, 0, 0, 0, 0, 0, 0, 0, 173, 23, 65, 190, 168, 165, 229, 191, 0, 0, 0, 0, 0, 0, 0, 0, 179, 38, 49, 190, 244, 249, 229, 191, 0, 0, 0, 0, 0, 0, 0, 0, 127, 228, 33, 190, 249, 78, 231, 191, 0, 0, 0, 0, 0, 0, 0, 0, 174, 138, 18, 190, 152, 192, 232, 191, 0, 0, 0, 0, 0, 0, 0, 0, 27, 110, 0, 190, 91, 149, 229, 191, 0, 0, 0, 0, 0, 0, 0, 0, 149, 107, 225, 189, 131, 90, 230, 191, 0, 0, 0, 0, 0, 0, 0, 0, 26, 9, 196, 189, 139, 202, 233, 191, 0, 0, 0, 0, 0, 0, 0, 0, 53, 80, 162, 189, 203, 90, 232, 191, 0, 0, 0, 0, 0, 0, 0, 0, 86, 93, 129, 189, 244, 137, 231, 191, 0, 0, 0, 0, 0, 0, 0, 0, 199, 143, 64, 189, 42, 207, 229, 191, 0, 0, 0, 0, 0, 0, 0, 0, 210, 97, 2, 189, 188, 111, 233, 191, 0, 0, 0, 0, 0, 0, 0, 0, 71, 79, 130, 188, 203, 85, 233, 191, 0, 0, 0, 0, 0, 0, 0, 0, 216, 118, 191, 53, 122, 233, 230, 191, 0, 0, 0, 0, 0, 0, 0, 0, 12, 250, 130, 60, 178, 124, 234, 191, 0, 0, 0, 0, 0, 0, 0, 0, 59, 137, 1, 61, 147, 230, 231, 191, 0, 0, 0, 0, 0, 0, 0, 0, 59, 202, 67, 61, 222, 165, 233, 191, 0, 0, 0, 0, 0, 0, 0, 0, 49, 168, 130, 61, 106, 215, 233, 191, 0, 0, 0, 0, 0, 0, 0, 0, 193, 168, 163, 61, 215, 69, 234, 191, 0, 0, 0, 0, 0, 0, 0, 0, 251, 101, 195, 61, 51, 6, 233, 191, 0, 0, 0, 0, 0, 0, 0, 0, 78, 109, 229, 61, 33, 113, 234, 191, 0, 0, 0, 0, 0, 0, 0, 0, 75, 74, 2, 62, 61, 231, 232, 191, 0, 0, 0, 0, 0, 0, 0, 0, 209, 150, 19, 62, 66, 105, 234, 191, 0, 0, 0, 0, 0, 0, 0, 0, 249, 100, 36, 62, 250, 224, 234, 191, 0, 0, 0, 0, 0, 0, 0, 0, 245, 230, 51, 62, 57, 139, 233, 191, 0, 0, 0, 0, 0, 0, 0, 0, 119, 78, 68, 62, 76, 119, 233, 191, 0, 0, 0, 0, 0, 0, 0, 0, 192, 104, 85, 62, 27, 34, 234, 191, 0, 0, 0, 0, 0, 0, 0, 0, 110, 62, 103, 62, 132, 106, 235, 191, 0, 0, 0, 0, 0, 0, 0, 0, 152, 67, 117, 62, 221, 222, 232, 191, 0, 0, 0, 0, 0, 0, 0, 0, 98, 229, 131, 62, 75, 159, 234, 191, 0, 0, 0, 0, 0, 0, 0, 0, 138, 218, 139, 62, 31, 242, 233, 191, 0, 0, 0, 0, 0, 0, 0, 0, 46, 157, 147, 62, 233, 255, 232, 191, 0, 0, 0, 0, 0, 0, 0, 0, 10, 215, 156, 62, 86, 79, 234, 191, 0, 0, 0, 0, 0, 0, 0, 0, 11, 26, 165, 62, 187, 21, 234, 191, 0, 0, 0, 0, 0, 0, 0, 0, 51, 68, 173, 62, 62, 183, 233, 191, 0, 0, 0, 0, 0, 0, 0, 0, 33, 251, 182, 62, 217, 86, 235, 191, 0, 0, 0, 0, 0, 0, 0, 0, 102, 121, 190, 62, 151, 13, 234, 191, 0, 0, 0, 0, 0, 0, 0, 0, 185, 178, 194, 62, 2, 255, 228, 191, 0, 0, 0, 0, 0, 0, 0, 0, 61, 156, 188, 62, 37, 177, 212, 191, 0, 0, 0, 0, 0, 0, 0, 0, 172, 245, 190, 62, 229, 200, 206, 191, 0, 0, 0, 0, 0, 0, 0, 0, 191, 102, 190, 62, 40, 69, 198, 191, 0, 0, 0, 0, 0, 0, 0, 0, 74, 126, 191, 62, 138, 2, 192, 191, 0, 0, 0, 0, 0, 0, 0, 0, 32, 35, 196, 62, 34, 154, 189, 191, 0, 0, 0, 0, 0, 0, 0, 0, 213, 234, 196, 62, 19, 186, 183, 191, 0, 0, 0, 0, 0, 0, 0, 0, 172, 66, 198, 62, 253, 185, 178, 191, 0, 0, 0, 0, 0, 0, 0, 0, 59, 138, 200, 62, 143, 215, 174, 191, 0, 0, 0, 0, 0, 0, 0, 0, 187, 139, 201, 62, 51, 26, 170, 191, 0, 0, 0, 0, 0, 0, 0, 0, 7, 85, 204, 62, 235, 21, 167, 191, 0, 0, 0, 0, 0, 0, 0, 0, 121, 58, 203, 62, 220, 35, 161, 191, 0, 0, 0, 0, 0, 0, 0, 0, 92, 174, 205, 62, 128, 65, 158, 191, 0, 0, 0, 0, 0, 0, 0, 0, 187, 242, 207, 62, 152, 95, 155, 191, 0, 0, 0, 0, 0, 0, 0, 0, 73, 50, 209, 62, 95, 227, 151, 191, 0, 0, 0, 0, 0, 0, 0, 0, 101, 248, 206, 62, 246, 29, 146, 191, 0, 0, 0, 0, 0, 0, 0, 0, 167, 98, 208, 62, 81, 34, 143, 191, 0, 0, 0, 0, 0, 0, 0, 0, 32, 175, 210, 62, 37, 224, 140, 191, 0, 0, 0, 0, 0, 0, 0, 0, 132, 189, 211, 62, 175, 230, 137, 191, 0, 0, 0, 0, 0, 0, 0, 0, 2, 251, 212, 62, 209, 43, 135, 191, 0, 0, 0, 0, 0, 0, 0, 0, 153, 120, 213, 62, 36, 23, 132, 191, 0, 0, 0, 0, 0, 0, 0, 0, 153, 129, 216, 62, 113, 172, 130, 191, 0, 0, 0, 0, 0, 0, 0, 0, 47, 66, 218, 62, 248, 139, 128, 191, 0, 0, 0, 0, 0, 0, 0, 0, 166, 236, 231, 62, 20, 89, 133, 191, 0, 0, 0, 0, 0, 0, 0, 0, 183, 218, 24, 63, 178, 168, 171, 191, 0, 0, 0, 0, 0, 0, 0, 0, 6, 139, 29, 63, 95, 217, 172, 191, 0, 0, 0, 0, 0, 0, 0, 0, 204, 10, 35, 63, 195, 210, 174, 191, 0, 0, 0, 0, 0, 0, 0, 0, 26, 111, 36, 63, 78, 95, 172, 191, 0, 0, 0, 0, 0, 0, 0, 0, 181, 35, 43, 63, 220, 113, 175, 191, 0, 0, 0, 0, 0, 0, 0, 0, 82, 6, 44, 63, 207, 131, 172, 191, 0, 0, 0, 0, 0, 0, 0, 0, 190, 179, 49, 63, 127, 97, 174, 191, 0, 0, 0, 0, 0, 0, 0, 0, 169, 249, 52, 63, 111, 211, 173, 191, 0, 0, 0, 0, 0, 0, 0, 0, 193, 113, 57, 63, 201, 98, 174, 191, 0, 0, 0, 0, 0, 0, 0, 0, 72, 29, 60, 63, 142, 59, 173, 191, 0, 0, 0, 0, 0, 0, 0, 0, 29, 125, 65, 63, 70, 136, 174, 191, 0, 0, 0, 0, 0, 0, 0, 0, 19, 238, 56, 63, 159, 110, 163, 191, 0, 0, 0, 0, 0, 0, 0, 0, 57, 229, 32, 63, 24, 87, 139, 191, 0, 0, 0, 0, 0, 0, 0, 0, 216, 114, 58, 63, 166, 67, 158, 191, 0, 0, 0, 0, 0, 0, 0, 0, 115, 245, 82, 63, 81, 140, 175, 191, 0, 0, 0, 0, 0, 0, 0, 0, 228, 192, 87, 63, 46, 10, 176, 191, 0, 0, 0, 0, 0, 0, 0, 0, 83, 209, 90, 63, 119, 23, 175, 191, 0, 0, 0, 0, 0, 0, 0, 0, 151, 42, 97, 63, 157, 184, 176, 191, 0, 0, 0, 0, 0, 0, 0, 0, 58, 127, 101, 63, 183, 178, 176, 191, 0, 0, 0, 0, 0, 0, 0, 0, 245, 37, 104, 63, 172, 94, 175, 191, 0, 0, 0, 0, 0, 0, 0, 0, 245, 88, 109, 63, 37, 241, 175, 191, 0, 0, 0, 0, 0, 0, 0, 0, 120, 231, 116, 63, 120, 43, 178, 191, 0, 0, 0, 0, 0, 0, 0, 0, 186, 38, 120, 63, 4, 51, 177, 191, 0, 0, 0, 0, 0, 0, 0, 0, 97, 32, 124, 63, 42, 188, 176, 191, 0, 0, 0, 0, 0, 0, 0, 0, 20, 181, 129, 63, 24, 135, 178, 191, 0, 0, 0, 0, 0, 0, 0, 0, 133, 83, 132, 63, 92, 212, 178, 191, 0, 0, 0, 0, 0, 0, 0, 0, 167, 186, 134, 63, 222, 202, 178, 191, 0, 0, 0, 0, 0, 0, 0, 0, 171, 235, 137, 63, 18, 190, 179, 191, 0, 0, 0, 0, 0, 0, 0, 0, 177, 103, 139, 63, 97, 110, 178, 191, 0, 0, 0, 0, 0, 0, 0, 0, 239, 192, 141, 63, 168, 53, 178, 191, 0, 0, 0, 0, 0, 0, 0, 0, 240, 204, 145, 63, 173, 12, 180, 191, 0, 0, 0, 0, 0, 0, 0, 0, 202, 78, 146, 63, 129, 124, 177, 191, 0, 0, 0, 0, 0, 0, 0, 0, 46, 67, 148, 63, 111, 177, 176, 191, 0, 0, 0, 0, 0, 0, 0, 0, 29, 138, 153, 63, 194, 197, 179, 191, 0, 0, 0, 0, 0, 0, 0, 0, 64, 110, 154, 63, 40, 167, 177, 191, 0, 0, 0, 0, 0, 0, 0, 0, 32, 94, 159, 63, 26, 34, 180, 191, 0, 0, 0, 0, 0, 0, 0, 0, 168, 121, 162, 63, 164, 114, 180, 191, 0, 0, 0, 0, 0, 0, 0, 0, 145, 232, 164, 63, 129, 247, 179, 191, 0, 0, 0, 0, 0, 0, 0, 0, 68, 11, 168, 63, 184, 52, 180, 191, 0, 0, 0, 0, 0, 0, 0, 0, 194, 231, 168, 63, 102, 253, 177, 191, 0, 0, 0, 0, 0, 0, 0, 0, 55, 12, 156, 63, 197, 151, 161, 191, 0, 0, 0, 0, 0, 0, 0, 0, 238, 80, 140, 63, 144, 201, 142, 191, 0, 0, 0, 0, 0, 0, 0, 0, 25, 7, 179, 63, 77, 7, 179, 191, 0, 0, 0, 0, 0, 0, 0, 0, 94, 81, 182, 63, 254, 41, 179, 191, 0, 0, 0, 0, 0, 0, 0, 0, 104, 48, 187, 63, 102, 196, 180, 191, 0, 0, 0, 0, 0, 0, 0, 0, 86, 205, 190, 63, 177, 16, 181, 191, 0, 0, 0, 0, 0, 0, 0, 0, 124, 175, 193, 63, 139, 157, 180, 191, 0, 0, 0, 0, 0, 0, 0, 0, 11, 210, 195, 63, 235, 111, 179, 191, 0, 0, 0, 0, 0, 0, 0, 0, 166, 72, 197, 63, 200, 162, 177, 191, 0, 0, 0, 0, 0, 0, 0, 0, 38, 222, 197, 63, 49, 15, 175, 191, 0, 0, 0, 0, 0, 0, 0, 0, 140, 183, 195, 63, 135, 34, 170, 191, 0, 0, 0, 0, 0, 0, 0, 0, 34, 138, 195, 63, 221, 1, 167, 191, 0, 0, 0, 0, 0, 0, 0, 0, 195, 142, 193, 63, 51, 106, 162, 191, 0, 0, 0, 0, 0, 0, 0, 0, 95, 222, 186, 63, 19, 11, 154, 191, 0, 0, 0, 0, 0, 0, 0, 0, 84, 39, 179, 63, 140, 19, 145, 191, 0, 0, 0, 0, 0, 0, 0, 0, 88, 104, 177, 63, 241, 29, 141, 191, 0, 0, 0, 0, 0, 0, 0, 0, 77, 211, 177, 63, 217, 238, 138, 191, 0, 0, 0, 0, 0, 0, 0, 0, 2, 26, 177, 63, 57, 229, 135, 191, 0, 0, 0, 0, 0, 0, 0, 0, 209, 112, 176, 63, 73, 245, 132, 191, 0, 0, 0, 0, 0, 0, 0, 0, 107, 20, 177, 63, 94, 8, 131, 191, 0, 0, 0, 0, 0, 0, 0, 0, 253, 240, 178, 63, 81, 2, 130, 191, 0, 0, 0, 0, 0, 0, 0, 0, 109, 204, 180, 63, 127, 246, 128, 191, 0, 0, 0, 0, 0, 0, 0, 0, 127, 191, 184, 63, 205, 92, 129, 191, 0, 0, 0, 0, 0, 0, 0, 0, 185, 128, 186, 63, 45, 46, 128, 191, 0, 0, 0, 0, 0, 0, 0, 0, 158, 1, 184, 63, 139, 58, 120, 191, 0, 0, 0, 0, 0, 0, 0, 0, 88, 38, 186, 63, 181, 107, 118, 191, 0, 0, 0, 0, 0, 0, 0, 0, 86, 203, 189, 63, 61, 130, 118, 191, 0, 0, 0, 0, 0, 0, 0, 0, 49, 129, 195, 63, 250, 25, 121, 191, 0, 0, 0, 0, 0, 0, 0, 0, 39, 82, 198, 63, 178, 217, 119, 191, 0, 0, 0, 0, 0, 0, 0, 0, 79, 143, 202, 63, 54, 66, 120, 191, 0, 0, 0, 0, 0, 0, 0, 0, 207, 27, 210, 63, 57, 126, 124, 191, 0, 0, 0, 0, 0, 0, 0, 0, 244, 239, 216, 63, 163, 146, 127, 191, 0, 0, 0, 0, 0, 0, 0, 0, 119, 77, 98, 64, 12, 168, 2, 192, 0, 0, 0, 0, 0, 0, 0, 0, 145, 152, 97, 64, 242, 69, 255, 191, 0, 0, 0, 0, 0, 0, 0, 0, 136, 93, 98, 64, 45, 244, 250, 191, 0, 0, 0, 0, 0, 0, 0, 0, 224, 54, 98, 64, 90, 166, 245, 191, 0, 0, 0, 0, 0, 0, 0, 0, 25, 49, 94, 64, 179, 72, 236, 191, 0, 0, 0, 0, 0, 0, 0, 0, 165, 204, 49, 64, 36, 29, 185, 191, 0, 0, 0, 0, 0, 0, 0, 0, 119, 171, 44, 64, 200, 245, 175, 191, 0, 0, 0, 0, 0, 0, 0, 0, 107, 58, 44, 64, 138, 189, 171, 191, 0, 0, 0, 0, 0, 0, 0, 0, 195, 130, 44, 64, 111, 71, 168, 191, 0, 0, 0, 0, 0, 0, 0, 0, 245, 183, 44, 64, 14, 196, 164, 191, 0, 0, 0, 0, 0, 0, 0, 0, 85, 88, 47, 64, 189, 135, 163, 191, 0, 0, 0, 0, 0, 0, 0, 0, 1, 38, 50, 64, 230, 95, 162, 191, 0, 0, 0, 0, 0, 0, 0, 0, 99, 129, 49, 64, 206, 15, 158, 191, 0, 0, 0, 0, 0, 0, 0, 0, 149, 17, 51, 64, 43, 185, 155, 191, 0, 0, 0, 0, 0, 0, 0, 0, 152, 84, 52, 64, 155, 23, 153, 191, 0, 0, 0, 0, 0, 0, 0, 0, 194, 209, 53, 64, 244, 159, 150, 191, 0, 0, 0, 0, 0, 0, 0, 0, 120, 59, 54, 64, 5, 65, 147, 191, 0, 0, 0, 0, 0, 0, 0, 0, 7, 106, 51, 64, 209, 88, 141, 191, 0, 0, 0, 0, 0, 0, 0, 0, 113, 116, 49, 64, 222, 60, 136, 191, 0, 0, 0, 0, 0, 0, 0, 0, 82, 118, 50, 64, 1, 115, 133, 191, 0, 0, 0, 0, 0, 0, 0, 0, 175, 111, 50, 64, 67, 228, 129, 191, 0, 0, 0, 0, 0, 0, 0, 0, 7, 21, 52, 64, 67, 21, 127, 191, 0, 0, 0, 0, 0, 0, 0, 0, 165, 65, 60, 64, 252, 164, 129, 191, 0, 0, 0, 0, 0, 0, 0, 0, 123, 26, 93, 64, 14, 246, 147, 191, 0, 0, 0, 0, 0, 0, 0, 0, 206, 96, 137, 64, 103, 140, 178, 191, 0, 0, 0, 0, 0, 0, 0, 0, 65, 103, 138, 64, 251, 141, 174, 191, 0, 0, 0, 0, 0, 0, 0, 0, 163, 13, 142, 64, 159, 184, 173, 191, 0, 0, 0, 0, 0, 0, 0, 0, 130, 105, 234, 64, 118, 223, 10, 192, 0, 0, 0, 0, 0, 0, 0, 0, 251, 92, 234, 64, 235, 103, 6, 192, 0, 0, 0, 0, 0, 0, 0, 0, 226, 161, 234, 64, 177, 35, 2, 192, 0, 0, 0, 0, 0, 0, 0, 0, 146, 249, 234, 64, 207, 216, 251, 191, 0, 0, 0, 0, 0, 0, 0, 0, 179, 44, 235, 64, 95, 72, 243, 191, 0, 0, 0, 0, 0, 0, 0, 0, 25, 51, 235, 64, 166, 145, 234, 191, 0, 0, 0, 0, 0, 0, 0, 0, 66, 76, 235, 64, 47, 246, 225, 191, 0, 0, 0, 0, 0, 0, 0, 0, 139, 32, 235, 64, 146, 34, 217, 191, 0, 0, 0, 0, 0, 0, 0, 0, 131, 183, 235, 64, 188, 7, 209, 191, 0, 0, 0, 0, 0, 0, 0, 0, 218, 233, 235, 64, 214, 148, 200, 191, 0, 0, 0, 0, 0, 0, 0, 0, 119, 55, 236, 64, 162, 60, 192, 191, 0, 0, 0, 0, 0, 0, 0, 0, 39, 88, 236, 64, 169, 195, 183, 191, 0, 0, 0, 0, 0, 0, 0, 0, 71, 11, 236, 64, 136, 254, 174, 191, 0, 0, 0, 0, 0, 0, 0, 0, 12, 147, 236, 64, 255, 219, 166, 191, 0, 0, 0, 0, 0, 0, 0, 0, 54, 165, 236, 64, 172, 103, 158, 191, 0, 0, 0, 0, 0, 0, 0, 0, 120, 100, 84, 64, 94, 143, 6, 191, 0, 0, 0, 0, 0, 0, 0, 0, 157, 134, 82, 64, 138, 181, 251, 190, 0, 0, 0, 0, 0, 0, 0, 0, 239, 247, 81, 64, 112, 19, 236, 190, 0, 0, 0, 0, 0, 0, 0, 0, 214, 246, 81, 64, 41, 36, 221, 190, 0, 0, 0, 0, 0, 0, 0, 0, 187, 54, 83, 64, 29, 121, 207, 190, 0, 0, 0, 0, 0, 0, 0, 0, 114, 159, 83, 64, 206, 228, 192, 190, 0, 0, 0, 0, 0, 0, 0, 0, 109, 20, 84, 64, 157, 83, 178, 190, 0, 0, 0, 0, 0, 0, 0, 0, 9, 37, 81, 64, 4, 28, 161, 190, 0, 0, 0, 0, 0, 0, 0, 0, 169, 88, 70, 64, 182, 211, 138, 190, 0, 0, 0, 0, 0, 0, 0, 0, 132, 75, 79, 64, 183, 132, 130, 190, 0, 0, 0, 0, 0, 0, 0, 0, 121, 137, 84, 64, 74, 204, 109, 190, 0, 0, 0, 0, 0, 0, 0, 0, 213, 86, 84, 64, 13, 205, 79, 190, 0, 0, 0, 0, 0, 0, 0, 0, 134, 222, 83, 64, 183, 169, 49, 190, 0, 0, 0, 0, 0, 0, 0, 0, 149, 81, 83, 64, 155, 160, 19, 190, 0, 0, 0, 0, 0, 0, 0, 0, 141, 229, 80, 64, 2, 114, 233, 189, 0, 0, 0, 0, 0, 0, 0, 0, 193, 75, 82, 64, 102, 58, 176, 189, 0, 0, 0, 0, 0, 0, 0, 0, 205, 91, 91, 64, 192, 18, 117, 189, 0, 0, 0, 0, 0, 0, 0, 0, 205, 135, 145, 64, 208, 151, 34, 189, 0, 0, 0, 0, 0, 0, 0, 0, 195, 245, 144, 64, 83, 52, 243, 182, 0, 0, 0, 0, 0, 0, 0, 0, 134, 250, 141, 64, 10, 145, 30, 61, 0, 0, 0, 0, 0, 0, 0, 0, 100, 29, 139, 64, 238, 100, 155, 61, 0, 0, 0, 0, 0, 0, 0, 0, 192, 92, 133, 64, 242, 124, 223, 61, 0, 0, 0, 0, 0, 0, 0, 0, 155, 4, 128, 64, 139, 12, 15, 62, 0, 0, 0, 0, 0, 0, 0, 0, 41, 18, 125, 64, 85, 200, 48, 62, 0, 0, 0, 0, 0, 0, 0, 0, 210, 72, 125, 64, 241, 96, 84, 62, 0, 0, 0, 0, 0, 0, 0, 0, 89, 46, 126, 64, 74, 188, 120, 62, 0, 0, 0, 0, 0, 0, 0, 0, 140, 222, 128, 64, 239, 45, 144, 62, 0, 0, 0, 0, 0, 0, 0, 0, 214, 162, 130, 64, 69, 127, 164, 62, 0, 0, 0, 0, 0, 0, 0, 0, 96, 173, 115, 64, 128, 140, 170, 62, 0, 0, 0, 0, 0, 0, 0, 0, 7, 239, 112, 64, 83, 151, 185, 62, 0, 0, 0, 0, 0, 0, 0, 0, 83, 31, 114, 64, 226, 148, 203, 62, 0, 0, 0, 0, 0, 0, 0, 0, 81, 253, 115, 64, 189, 99, 222, 62, 0, 0, 0, 0, 0, 0, 0, 0, 91, 136, 118, 64, 249, 40, 242, 62, 0, 0, 0, 0, 0, 0, 0, 0, 62, 222, 108, 64, 161, 120, 249, 62, 0, 0, 0, 0, 0, 0, 0, 0, 82, 251, 100, 64, 65, 185, 0, 63, 0, 0, 0, 0, 0, 0, 0, 0, 177, 251, 98, 64, 161, 176, 7, 63, 0, 0, 0, 0, 0, 0, 0, 0, 154, 76, 98, 64, 28, 94, 15, 63, 0, 0, 0, 0, 0, 0, 0, 0, 123, 10, 98, 64, 187, 77, 23, 63, 0, 0, 0, 0, 0, 0, 0, 0, 68, 101, 98, 64, 85, 173, 31, 63, 0, 0, 0, 0, 0, 0, 0, 0, 196, 249, 97, 64, 229, 134, 39, 63, 0, 0, 0, 0, 0, 0, 0, 0, 171, 89, 97, 64, 142, 54, 47, 63, 0, 0, 0, 0, 0, 0, 0, 0, 41, 183, 98, 64, 105, 128, 56, 63, 0, 0, 0, 0, 0, 0, 0, 0, 142, 222, 99, 64, 43, 189, 65, 63, 0, 0, 0, 0, 0, 0, 0, 0, 33, 128, 99, 64, 179, 189, 73, 63, 0, 0, 0, 0, 0, 0, 0, 0, 229, 111, 94, 64, 190, 105, 77, 63, 0, 0, 0, 0, 0, 0, 0, 0, 170, 74, 94, 64, 237, 119, 85, 63, 0, 0, 0, 0, 0, 0, 0, 0, 114, 40, 99, 64, 185, 139, 98, 63, 0, 0, 0, 0, 0, 0, 0, 0, 238, 109, 117, 64, 67, 227, 125, 63, 0, 0, 0, 0, 0, 0, 0, 0, 142, 130, 126, 64, 254, 99, 136, 63, 0, 0, 0, 0, 0, 0, 0, 0, 88, 228, 126, 64, 237, 95, 141, 63, 0, 0, 0, 0, 0, 0, 0, 0, 156, 83, 148, 64, 120, 32, 170, 63, 0, 0, 0, 0, 0, 0, 0, 0, 39, 163, 149, 64, 30, 76, 177, 63, 0, 0, 0, 0, 0, 0, 0, 0, 88, 78, 149, 64, 180, 150, 182, 63, 0, 0, 0, 0, 0, 0, 0, 0, 51, 188, 146, 64, 135, 15, 185, 63, 0, 0, 0, 0, 0, 0, 0, 0, 240, 48, 143, 64, 253, 25, 186, 63, 0, 0, 0, 0, 0, 0, 0, 0, 247, 182, 139, 64, 150, 253, 186, 63, 0, 0, 0, 0, 0, 0, 0, 0, 201, 186, 136, 64, 117, 81, 188, 63, 0, 0, 0, 0, 0, 0, 0, 0, 74, 153, 133, 64, 2, 61, 189, 63, 0, 0, 0, 0, 0, 0, 0, 0, 69, 152, 130, 64, 44, 33, 190, 63, 0, 0, 0, 0, 0, 0, 0, 0, 65, 157, 127, 64, 191, 35, 191, 63, 0, 0, 0, 0, 0, 0, 0, 0, 7, 32, 66, 64, 221, 8, 149, 63, 0, 0, 0, 0, 0, 0, 0, 0, 205, 182, 56, 64, 94, 133, 145, 63, 0, 0, 0, 0, 0, 0, 0, 0, 184, 218, 64, 64, 246, 213, 155, 63, 0, 0, 0, 0, 0, 0, 0, 0, 29, 203, 105, 64, 20, 174, 193, 63, 0, 0, 0, 0, 0, 0, 0, 0, 206, 167, 33, 64, 160, 60, 137, 63, 0, 0, 0, 0, 0, 0, 0, 0, 61, 19, 22, 64, 48, 130, 130, 63, 0, 0, 0, 0, 0, 0, 0, 0, 14, 49, 14, 64, 237, 58, 125, 63, 0, 0, 0, 0, 0, 0, 0, 0, 189, 95, 4, 64, 228, 77, 113, 63, 0, 0, 0, 0, 0, 0, 0, 0, 200, 158, 251, 63, 252, 169, 106, 63, 0, 0, 0, 0, 0, 0, 0, 0, 11, 187, 242, 63, 99, 141, 103, 63, 0, 0, 0, 0, 0, 0, 0, 0, 90, 193, 239, 63, 65, 223, 105, 63, 0, 0, 0, 0, 0, 0, 0, 0, 130, 236, 237, 63, 130, 63, 109, 63, 0, 0, 0, 0, 0, 0, 0, 0, 49, 79, 236, 63, 121, 207, 112, 63, 0, 0, 0, 0, 0, 0, 0, 0, 131, 145, 234, 63, 98, 55, 116, 63, 0, 0, 0, 0, 0, 0, 0, 0, 168, 117, 231, 63, 63, 35, 118, 63, 0, 0, 0, 0, 0, 0, 0, 0, 81, 61, 228, 63, 219, 216, 119, 63, 0, 0, 0, 0, 0, 0, 0, 0, 222, 238, 227, 63, 158, 176, 124, 63, 0, 0, 0, 0, 0, 0, 0, 0, 29, 67, 225, 63, 194, 228, 126, 63, 0, 0, 0, 0, 0, 0, 0, 0, 118, 209, 219, 63, 203, 210, 125, 63, 0, 0, 0, 0, 0, 0, 0, 0, 248, 64, 219, 63, 99, 38, 129, 63, 0, 0, 0, 0, 0, 0, 0, 0, 214, 198, 218, 63, 52, 116, 131, 63, 0, 0, 0, 0, 0, 0, 0, 0, 17, 94, 219, 63, 154, 109, 134, 63, 0, 0, 0, 0, 0, 0, 0, 0, 231, 45, 223, 63, 30, 117, 139, 63, 0, 0, 0, 0, 0, 0, 0, 0, 45, 228, 227, 63, 175, 46, 145, 63, 0, 0, 0, 0, 0, 0, 0, 0, 102, 1, 225, 63, 173, 30, 146, 63, 0, 0, 0, 0, 0, 0, 0, 0, 11, 120, 224, 63, 132, 146, 148, 63, 0, 0, 0, 0, 0, 0, 0, 0, 26, 46, 225, 63, 174, 226, 151, 63, 0, 0, 0, 0, 0, 0, 0, 0, 49, 129, 236, 63, 113, 139, 162, 63, 0, 0, 0, 0, 0, 0, 0, 0, 30, 150, 17, 64, 127, 225, 203, 63, 0, 0, 0, 0, 0, 0, 0, 0, 53, 49, 19, 64, 89, 251, 209, 63, 0, 0, 0, 0, 0, 0, 0, 0, 158, 33, 17, 64, 57, 227, 210, 63, 0, 0, 0, 0, 0, 0, 0, 0, 255, 50, 14, 64, 118, 113, 210, 63, 0, 0, 0, 0, 0, 0, 0, 0, 108, 255, 11, 64, 191, 253, 210, 63, 0, 0, 0, 0, 0, 0, 0, 0, 110, 153, 9, 64, 182, 42, 211, 63, 0, 0, 0, 0, 0, 0, 0, 0, 119, 247, 7, 64, 3, 117, 212, 63, 0, 0, 0, 0, 0, 0, 0, 0, 193, 20, 5, 64, 229, 182, 211, 63, 0, 0, 0, 0, 0, 0, 0, 0, 67, 156, 2, 64, 44, 136, 211, 63, 0, 0, 0, 0, 0, 0, 0, 0, 85, 102, 176, 63, 146, 105, 145, 63, 0, 0, 0, 0, 0, 0, 0, 0, 127, 106, 160, 63, 205, 154, 134, 63, 0, 0, 0, 0, 0, 0, 0, 0, 73, 33, 152, 63, 87, 238, 129, 63, 0, 0, 0, 0, 0, 0, 0, 0, 226, 129, 150, 63, 113, 213, 130, 63, 0, 0, 0, 0, 0, 0, 0, 0, 88, 253, 150, 63, 132, 149, 133, 63, 0, 0, 0, 0, 0, 0, 0, 0, 157, 172, 150, 63, 220, 170, 135, 63, 0, 0, 0, 0, 0, 0, 0, 0, 133, 32, 152, 63, 255, 101, 139, 63, 0, 0, 0, 0, 0, 0, 0, 0, 165, 220, 158, 63, 10, 36, 148, 63, 0, 0, 0, 0, 0, 0, 0, 0, 162, 245, 193, 63, 111, 15, 184, 63, 0, 0, 0, 0, 0, 0, 0, 0, 137, 163, 222, 63, 212, 255, 214, 63, 0, 0, 0, 0, 0, 0, 0, 0, 56, 145, 219, 63, 135, 196, 215, 63, 0, 0, 0, 0, 0, 0, 0, 0, 127, 81, 216, 63, 97, 81, 216, 63, 0, 0, 0, 0, 0, 0, 0, 0, 77, 249, 213, 63, 172, 189, 217, 63, 0, 0, 0, 0, 0, 0, 0, 0, 109, 147, 209, 63, 144, 5, 217, 63, 0, 0, 0, 0, 0, 0, 0, 0, 26, 98, 205, 63, 165, 109, 216, 63, 0, 0, 0, 0, 0, 0, 0, 0, 99, 45, 202, 63, 227, 206, 216, 63, 0, 0, 0, 0, 0, 0, 0, 0, 88, 241, 197, 63, 36, 4, 216, 63, 0, 0, 0, 0, 0, 0, 0, 0, 22, 248, 189, 63, 75, 251, 210, 63, 0, 0, 0, 0, 0, 0, 0, 0, 18, 159, 178, 63, 243, 228, 201, 63, 0, 0, 0, 0, 0, 0, 0, 0, 111, 227, 118, 63, 140, 1, 142, 63, 0, 0, 0, 0, 0, 0, 0, 0, 224, 66, 105, 63, 128, 142, 136, 63, 0, 0, 0, 0, 0, 0, 0, 0, 51, 151, 98, 63, 20, 5, 135, 63, 0, 0, 0, 0, 0, 0, 0, 0, 71, 182, 89, 63, 122, 13, 132, 63, 0, 0, 0, 0, 0, 0, 0, 0, 58, 119, 85, 63, 202, 205, 131, 63, 0, 0, 0, 0, 0, 0, 0, 0, 230, 73, 80, 63, 88, 237, 130, 63, 0, 0, 0, 0, 0, 0, 0, 0, 60, 135, 74, 63, 167, 156, 129, 63, 0, 0, 0, 0, 0, 0, 0, 0, 22, 219, 70, 63, 164, 147, 129, 63, 0, 0, 0, 0, 0, 0, 0, 0, 248, 51, 69, 63, 46, 217, 130, 63, 0, 0, 0, 0, 0, 0, 0, 0, 119, 116, 66, 63, 40, 101, 131, 63, 0, 0, 0, 0, 0, 0, 0, 0, 218, 25, 63, 63, 132, 131, 131, 63, 0, 0, 0, 0, 0, 0, 0, 0, 230, 34, 62, 63, 201, 71, 133, 63, 0, 0, 0, 0, 0, 0, 0, 0, 10, 107, 61, 63, 33, 66, 135, 63, 0, 0, 0, 0, 0, 0, 0, 0, 56, 188, 66, 63, 167, 171, 141, 63, 0, 0, 0, 0, 0, 0, 0, 0, 152, 180, 74, 63, 230, 66, 150, 63, 0, 0, 0, 0, 0, 0, 0, 0, 143, 141, 80, 63, 87, 139, 157, 63, 0, 0, 0, 0, 0, 0, 0, 0, 158, 112, 86, 63, 158, 26, 165, 63, 0, 0, 0, 0, 0, 0, 0, 0, 11, 38, 79, 63, 44, 148, 162, 63, 0, 0, 0, 0, 0, 0, 0, 0, 118, 99, 77, 63, 73, 88, 164, 63, 0, 0, 0, 0, 0, 0, 0, 0, 98, 46, 75, 63, 203, 199, 165, 63, 0, 0, 0, 0, 0, 0, 0, 0, 255, 186, 73, 63, 24, 222, 167, 63, 0, 0, 0, 0, 0, 0, 0, 0, 43, 226, 69, 63, 39, 248, 167, 63, 0, 0, 0, 0, 0, 0, 0, 0, 75, 51, 67, 63, 79, 12, 169, 63, 0, 0, 0, 0, 0, 0, 0, 0, 162, 126, 64, 63, 187, 29, 170, 63, 0, 0, 0, 0, 0, 0, 0, 0, 163, 162, 190, 58, 6, 245, 43, 59, 0, 0, 0, 0, 0, 0, 0, 0, 122, 160, 187, 58, 73, 200, 44, 59, 0, 0, 0, 0, 0, 0, 0, 0, 170, 154, 184, 58, 46, 152, 45, 59, 0, 0, 0, 0, 0, 0, 0, 0, 65, 145, 181, 58, 176, 100, 46, 59, 0, 0, 0, 0, 0, 0, 0, 0, 77, 132, 178, 58, 204, 45, 47, 59, 0, 0, 0, 0, 0, 0, 0, 0, 222, 115, 175, 58, 126, 243, 47, 59, 0, 0, 0, 0, 0, 0, 0, 0, 244, 212, 56, 63, 228, 122, 189, 63, 0, 0, 0, 0, 0, 0, 0, 0, 162, 156, 55, 63, 114, 121, 192, 63, 0, 0, 0, 0, 0, 0, 0, 0, 73, 46, 166, 58, 239, 47, 50, 59, 0, 0, 0, 0, 0, 0, 0, 0, 137, 16, 163, 58, 210, 231, 50, 59, 0, 0, 0, 0, 0, 0, 0, 0, 154, 239, 159, 58, 55, 156, 51, 59, 0, 0, 0, 0, 0, 0, 0, 0, 141, 203, 156, 58, 29, 77, 52, 59, 0, 0, 0, 0, 0, 0, 0, 0, 18, 166, 48, 63, 0, 20, 208, 63, 0, 0, 0, 0, 0, 0, 0, 0, 71, 36, 53, 63, 1, 168, 218, 63, 0, 0, 0, 0, 0, 0, 0, 0, 110, 211, 53, 63, 40, 4, 225, 63, 0, 0, 0, 0, 0, 0, 0, 0, 103, 116, 50, 63, 253, 131, 226, 63, 0, 0, 0, 0, 0, 0, 0, 0, 31, 103, 46, 63, 134, 42, 227, 63, 0, 0, 0, 0, 0, 0, 0, 0, 70, 232, 40, 63, 86, 225, 225, 63, 0, 0, 0, 0, 0, 0, 0, 0, 41, 178, 36, 63, 108, 63, 226, 63, 0, 0, 0, 0, 0, 0, 0, 0, 78, 80, 32, 63, 189, 90, 226, 63, 0, 0, 0, 0, 0, 0, 0, 0, 95, 155, 27, 63, 195, 244, 225, 63, 0, 0, 0, 0, 0, 0, 0, 0, 200, 113, 25, 63, 2, 76, 229, 63, 0, 0, 0, 0, 0, 0, 0, 0, 189, 231, 18, 63, 235, 15, 226, 63, 0, 0, 0, 0, 0, 0, 0, 0, 112, 165, 14, 63, 205, 52, 226, 63, 0, 0, 0, 0, 0, 0, 0, 0, 118, 170, 11, 63, 76, 105, 228, 63, 0, 0, 0, 0, 0, 0, 0, 0, 29, 98, 7, 63, 103, 133, 228, 63, 0, 0, 0, 0, 0, 0, 0, 0, 148, 45, 3, 63, 231, 187, 228, 63, 0, 0, 0, 0, 0, 0, 0, 0, 109, 68, 253, 62, 150, 79, 228, 63, 0, 0, 0, 0, 0, 0, 0, 0, 4, 228, 244, 62, 219, 123, 228, 63, 0, 0, 0, 0, 0, 0, 0, 0, 189, 8, 237, 62, 32, 34, 229, 63, 0, 0, 0, 0, 0, 0, 0, 0, 241, 40, 228, 62, 182, 197, 228, 63, 0, 0, 0, 0, 0, 0, 0, 0, 66, 137, 217, 62, 238, 133, 226, 63, 0, 0, 0, 0, 0, 0, 0, 0, 84, 169, 144, 62, 190, 165, 156, 63, 0, 0, 0, 0, 0, 0, 0, 0, 111, 112, 126, 62, 244, 117, 143, 63, 0, 0, 0, 0, 0, 0, 0, 0, 249, 186, 111, 62, 119, 250, 140, 63, 0, 0, 0, 0, 0, 0, 0, 0, 174, 26, 103, 62, 179, 252, 141, 63, 0, 0, 0, 0, 0, 0, 0, 0, 207, 202, 92, 62, 131, 251, 141, 63, 0, 0, 0, 0, 0, 0, 0, 0, 20, 32, 82, 62, 233, 182, 141, 63, 0, 0, 0, 0, 0, 0, 0, 0, 174, 17, 75, 62, 136, 244, 143, 63, 0, 0, 0, 0, 0, 0, 0, 0, 192, 251, 62, 62, 2, 168, 142, 63, 0, 0, 0, 0, 0, 0, 0, 0, 91, 4, 53, 62, 242, 219, 142, 63, 0, 0, 0, 0, 0, 0, 0, 0, 176, 226, 42, 62, 179, 236, 142, 63, 0, 0, 0, 0, 0, 0, 0, 0, 54, 194, 32, 62, 147, 250, 142, 63, 0, 0, 0, 0, 0, 0, 0, 0, 168, 146, 23, 62, 255, 232, 143, 63, 0, 0, 0, 0, 0, 0, 0, 0, 44, 70, 11, 62, 126, 200, 141, 63, 0, 0, 0, 0, 0, 0, 0, 0, 166, 135, 2, 62, 148, 51, 143, 63, 0, 0, 0, 0, 0, 0, 0, 0, 47, 252, 239, 61, 177, 179, 142, 63, 0, 0, 0, 0, 0, 0, 0, 0, 106, 8, 221, 61, 228, 118, 143, 63, 0, 0, 0, 0, 0, 0, 0, 0, 190, 144, 199, 61, 53, 143, 142, 63, 0, 0, 0, 0, 0, 0, 0, 0, 16, 126, 179, 61, 5, 137, 142, 63, 0, 0, 0, 0, 0, 0, 0, 0, 201, 222, 162, 61, 132, 144, 145, 63, 0, 0, 0, 0, 0, 0, 0, 0, 9, 106, 140, 61, 210, 121, 143, 63, 0, 0, 0, 0, 0, 0, 0, 0, 127, 156, 116, 61, 11, 217, 145, 63, 0, 0, 0, 0, 0, 0, 0, 0, 121, 168, 72, 61, 111, 155, 143, 63, 0, 0, 0, 0, 0, 0, 0, 0, 7, 250, 31, 61, 14, 37, 143, 63, 0, 0, 0, 0, 0, 0, 0, 0, 230, 35, 242, 60, 101, 118, 144, 63, 0, 0, 0, 0, 0, 0, 0, 0, 192, 5, 163, 60, 213, 229, 145, 63, 0, 0, 0, 0, 0, 0, 0, 0, 101, 163, 35, 60, 42, 109, 146, 63, 0, 0, 0, 0, 0, 0, 0, 0, 99, 173, 150, 54, 41, 92, 143, 63, 0, 0, 0, 0, 0, 0, 0, 0, 82, 161, 33, 188, 51, 195, 144, 63, 0, 0, 0, 0, 0, 0, 0, 0, 217, 205, 161, 188, 187, 223, 144, 63, 0, 0, 0, 0, 0, 0, 0, 0, 236, 16, 242, 188, 103, 118, 144, 63, 0, 0, 0, 0, 0, 0, 0, 0, 54, 21, 32, 189, 207, 69, 143, 63, 0, 0, 0, 0, 0, 0, 0, 0, 11, 159, 72, 189, 115, 155, 143, 63, 0, 0, 0, 0, 0, 0, 0, 0, 207, 91, 113, 189, 54, 238, 143, 63, 0, 0, 0, 0, 0, 0, 0, 0, 100, 69, 142, 189, 113, 100, 145, 63, 0, 0, 0, 0, 0, 0, 0, 0, 220, 144, 163, 189, 251, 51, 146, 63, 0, 0, 0, 0, 0, 0, 0, 0, 145, 84, 183, 189, 12, 153, 145, 63, 0, 0, 0, 0, 0, 0, 0, 0, 94, 176, 201, 189, 244, 22, 144, 63, 0, 0, 0, 0, 0, 0, 0, 0, 112, 44, 223, 189, 182, 221, 144, 63, 0, 0, 0, 0, 0, 0, 0, 0, 129, 27, 242, 189, 155, 249, 143, 63, 0, 0, 0, 0, 0, 0, 0, 0, 83, 222, 2, 190, 72, 149, 143, 63, 0, 0, 0, 0, 0, 0, 0, 0, 141, 66, 14, 190, 26, 213, 144, 63, 0, 0, 0, 0, 0, 0, 0, 0, 63, 163, 26, 190, 65, 212, 146, 63, 0, 0, 0, 0, 0, 0, 0, 0, 181, 5, 38, 190, 60, 171, 147, 63, 0, 0, 0, 0, 0, 0, 0, 0, 242, 121, 48, 190, 215, 155, 147, 63, 0, 0, 0, 0, 0, 0, 0, 0, 91, 178, 60, 190, 127, 237, 148, 63, 0, 0, 0, 0, 0, 0, 0, 0, 242, 14, 69, 190, 135, 51, 147, 63, 0, 0, 0, 0, 0, 0, 0, 0, 68, 38, 79, 190, 204, 218, 146, 63, 0, 0, 0, 0, 0, 0, 0, 0, 127, 213, 88, 190, 220, 62, 146, 63, 0, 0, 0, 0, 0, 0, 0, 0, 85, 247, 101, 190, 96, 227, 147, 63, 0, 0, 0, 0, 0, 0, 0, 0, 154, 223, 111, 190, 127, 97, 147, 63, 0, 0, 0, 0, 0, 0, 0, 0, 186, 240, 121, 190, 5, 253, 146, 63, 0, 0, 0, 0, 0, 0, 0, 0, 12, 109, 131, 190, 177, 53, 148, 63, 0, 0, 0, 0, 0, 0, 0, 0, 172, 122, 136, 190, 234, 202, 147, 63, 0, 0, 0, 0, 0, 0, 0, 0, 1, 162, 141, 190, 64, 125, 147, 63, 0, 0, 0, 0, 0, 0, 0, 0, 95, 35, 148, 190, 117, 138, 148, 63, 0, 0, 0, 0, 0, 0, 0, 0, 71, 81, 153, 190, 70, 54, 148, 63, 0, 0, 0, 0, 0, 0, 0, 0, 10, 121, 160, 190, 249, 185, 149, 63, 0, 0, 0, 0, 0, 0, 0, 0, 227, 244, 162, 190, 94, 231, 146, 63, 0, 0, 0, 0, 0, 0, 0, 0, 200, 236, 168, 190, 234, 71, 147, 63, 0, 0, 0, 0, 0, 0, 0, 0, 207, 19, 175, 190, 17, 196, 147, 63, 0, 0, 0, 0, 0, 0, 0, 0, 106, 147, 181, 190, 223, 122, 148, 63, 0, 0, 0, 0, 0, 0, 0, 0, 245, 74, 190, 190, 204, 226, 150, 63, 0, 0, 0, 0, 0, 0, 0, 0, 97, 248, 193, 190, 105, 63, 149, 63, 0, 0, 0, 0, 0, 0, 0, 0, 208, 72, 201, 190, 152, 101, 150, 63, 0, 0, 0, 0, 0, 0, 0, 0, 125, 177, 207, 190, 151, 204, 150, 63, 0, 0, 0, 0, 0, 0, 0, 0, 73, 50, 216, 190, 2, 162, 152, 63, 0, 0, 0, 0, 0, 0, 0, 0, 104, 22, 216, 190, 58, 109, 148, 63, 0, 0, 0, 0, 0, 0, 0, 0, 173, 163, 226, 190, 226, 139, 151, 63, 0, 0, 0, 0, 0, 0, 0, 0, 165, 26, 232, 190, 108, 42, 151, 63, 0, 0, 0, 0, 0, 0, 0, 0, 76, 239, 237, 190, 199, 2, 151, 63, 0, 0, 0, 0, 0, 0, 0, 0, 1, 110, 242, 190, 230, 2, 150, 63, 0, 0, 0, 0, 0, 0, 0, 0, 195, 112, 248, 190, 33, 243, 149, 63, 0, 0, 0, 0, 0, 0, 0, 0, 133, 136, 1, 191, 83, 149, 152, 63, 0, 0, 0, 0, 0, 0, 0, 0, 80, 54, 5, 191, 167, 47, 153, 63, 0, 0, 0, 0, 0, 0, 0, 0, 156, 81, 6, 191, 86, 216, 150, 63, 0, 0, 0, 0, 0, 0, 0, 0, 101, 56, 10, 191, 165, 166, 151, 63, 0, 0, 0, 0, 0, 0, 0, 0, 219, 234, 14, 191, 10, 63, 153, 63, 0, 0, 0, 0, 0, 0, 0, 0, 7, 124, 16, 191, 38, 118, 151, 63, 0, 0, 0, 0, 0, 0, 0, 0, 187, 7, 21, 191, 246, 199, 152, 63, 0, 0, 0, 0, 0, 0, 0, 0, 134, 103, 25, 191, 227, 215, 153, 63, 0, 0, 0, 0, 0, 0, 0, 0, 171, 92, 29, 191, 51, 108, 154, 63, 0, 0, 0, 0, 0, 0, 0, 0, 201, 45, 34, 191, 27, 198, 155, 63, 0, 0, 0, 0, 0, 0, 0, 0, 95, 128, 43, 191, 184, 70, 161, 63, 0, 0, 0, 0, 0, 0, 0, 0, 0, 0, 0, 0, 0, 0, 0, 0, 0, 0, 0, 0, 0, 0, 0, 0, 0, 0, 0, 0, 0, 0, 0, 0, 0, 0, 0, 0, 0, 0, 0, 0, 0, 0, 0, 0, 0, 0, 0, 0, 0, 0, 0, 0, 0, 0, 0, 0, 0, 0, 0, 0, 0, 0, 0, 0, 0, 0, 0, 0, 0, 0, 0, 0, 0, 0, 0, 0, 0, 0, 0, 0, 0, 0, 0, 0, 0, 0, 0, 0, 243, 153, 165, 189, 63, 206, 9, 62, 0, 0, 0, 0, 0, 0, 0, 0, 61, 202, 164, 189, 99, 117, 6, 62, 0, 0, 0, 0, 0, 0, 0, 0, 0, 0, 0, 0, 0, 0, 0, 0, 0, 0, 0, 0, 0, 0, 0, 0, 0, 0, 0, 0, 0, 0, 0, 0, 0, 0, 0, 0, 0, 0, 0, 0, 247, 187, 161, 189, 132, 13, 249, 61, 0, 0, 0, 0, 0, 0, 0, 0, 44, 253, 155, 189, 99, 173, 235, 61, 0, 0, 0, 0, 0, 0, 0, 0, 159, 154, 154, 189, 163, 54, 229, 61, 0, 0, 0, 0, 0, 0, 0, 0, 67, 71, 154, 189, 219, 122, 224, 61, 0, 0, 0, 0, 0, 0, 0, 0, 169, 91, 150, 189, 167, 188, 214, 61, 0, 0, 0, 0, 0, 0, 0, 0, 70, 203, 155, 189, 41, 107, 218, 61, 0, 0, 0, 0, 0, 0, 0, 0, 220, 229, 158, 189, 37, 181, 218, 61, 0, 0, 0, 0, 0, 0, 0, 0, 12, 149, 159, 189, 151, 170, 215, 61, 0, 0, 0, 0, 0, 0, 0, 0, 138, 63, 176, 189, 152, 228, 233, 61, 0, 0, 0, 0, 0, 0, 0, 0, 85, 72, 178, 189, 147, 88, 232, 61, 0, 0, 0, 0, 0, 0, 0, 0, 128, 233, 163, 189, 31, 205, 209, 61, 0, 0, 0, 0, 0, 0, 0, 0, 90, 22, 158, 189, 2, 191, 198, 61, 0, 0, 0, 0, 0, 0, 0, 0, 0, 0, 0, 0, 0, 0, 0, 0, 0, 0, 0, 0, 0, 0, 0, 0, 0, 0, 0, 0, 0, 0, 0, 0, 0, 0, 0, 0, 0, 0, 0, 0, 0, 0, 0, 0, 0, 0, 0, 0, 0, 0, 0, 0, 0, 0, 0, 0, 0, 0, 0, 0, 0, 0, 0, 0, 0, 0, 0, 0, 0, 0, 0, 0, 0, 0, 0, 0, 0, 0, 0, 0, 0, 0, 0, 0, 0, 0, 0, 0, 0, 0, 0, 0, 0, 0, 0, 0, 0, 0, 0, 0, 0, 0, 0, 0, 0, 0, 0, 0, 0, 0, 0, 0, 0, 0, 0, 0, 0, 0, 0, 0, 0, 0, 0, 0, 0, 0, 0, 0, 0, 0, 0, 0, 0, 0, 0, 0, 0, 0, 0, 0, 0, 0, 0, 0, 0, 0, 0, 0, 0, 0, 0, 0, 0, 0, 0, 0, 0, 0, 0, 0, 0, 0, 0, 0, 0, 0, 0, 0, 0, 0, 0, 0, 0, 0, 0, 0, 0, 0, 0, 0, 0, 0, 0, 0, 0, 0, 0, 0, 0, 0, 0, 0, 0, 0, 0, 0, 0, 0, 0, 0, 0, 0, 0, 0, 0, 0, 0, 0, 0, 0, 0, 0, 0, 0, 0, 0]
is_dense: True
