abcheader: 
  seq: 50861
  stamp: 
    secs: 1716542717
    nsecs: 796174526
  frame_id: "cloud"
height: 1
width: 541
fields: 
  - 
    name: "x"
    offset: 0
    datatype: 7
    count: 1
  - 
    name: "y"
    offset: 4
    datatype: 7
    count: 1
  - 
    name: "z"
    offset: 8
    datatype: 7
    count: 1
  - 
    name: "intensity"
    offset: 12
    datatype: 7
    count: 1
is_bigendian: False
point_step: 16
row_step: 8656
data: [0, 0, 0, 0, 0, 0, 0, 0, 0, 0, 0, 0, 0, 0, 0, 0, 0, 0, 0, 0, 0, 0, 0, 0, 0, 0, 0, 0, 0, 0, 0, 0, 0, 0, 0, 0, 0, 0, 0, 0, 0, 0, 0, 0, 0, 0, 0, 0, 0, 0, 0, 0, 0, 0, 0, 0, 0, 0, 0, 0, 0, 0, 0, 0, 0, 0, 0, 0, 0, 0, 0, 0, 0, 0, 0, 0, 0, 0, 0, 0, 0, 0, 0, 0, 0, 0, 0, 0, 0, 0, 0, 0, 0, 0, 0, 0, 0, 0, 0, 0, 0, 0, 0, 0, 0, 0, 0, 0, 0, 0, 0, 0, 0, 0, 0, 0, 0, 0, 0, 0, 0, 0, 0, 0, 0, 0, 0, 0, 72, 14, 149, 191, 131, 120, 171, 191, 0, 0, 0, 0, 0, 0, 0, 0, 128, 38, 142, 191, 55, 112, 166, 191, 0, 0, 0, 0, 0, 0, 0, 0, 236, 50, 140, 191, 139, 21, 167, 191, 0, 0, 0, 0, 0, 0, 0, 0, 140, 21, 138, 191, 215, 130, 167, 191, 0, 0, 0, 0, 0, 0, 0, 0, 73, 125, 135, 191, 42, 81, 167, 191, 0, 0, 0, 0, 0, 0, 0, 0, 204, 37, 133, 191, 32, 100, 167, 191, 0, 0, 0, 0, 0, 0, 0, 0, 41, 13, 131, 191, 95, 189, 167, 191, 0, 0, 0, 0, 0, 0, 0, 0, 134, 9, 129, 191, 134, 42, 168, 191, 0, 0, 0, 0, 0, 0, 0, 0, 123, 189, 123, 191, 106, 9, 167, 191, 0, 0, 0, 0, 0, 0, 0, 0, 219, 152, 119, 191, 64, 78, 167, 191, 0, 0, 0, 0, 0, 0, 0, 0, 226, 93, 116, 191, 42, 44, 168, 191, 0, 0, 0, 0, 0, 0, 0, 0, 198, 135, 112, 191, 107, 155, 168, 191, 0, 0, 0, 0, 0, 0, 0, 0, 110, 171, 107, 191, 128, 73, 168, 191, 0, 0, 0, 0, 0, 0, 0, 0, 10, 70, 103, 191, 12, 65, 168, 191, 0, 0, 0, 0, 0, 0, 0, 0, 38, 120, 99, 191, 190, 158, 168, 191, 0, 0, 0, 0, 0, 0, 0, 0, 140, 132, 96, 191, 47, 155, 169, 191, 0, 0, 0, 0, 0, 0, 0, 0, 2, 159, 90, 191, 50, 83, 168, 191, 0, 0, 0, 0, 0, 0, 0, 0, 245, 31, 87, 191, 54, 215, 168, 191, 0, 0, 0, 0, 0, 0, 0, 0, 77, 195, 83, 191, 125, 114, 169, 191, 0, 0, 0, 0, 0, 0, 0, 0, 200, 205, 82, 191, 119, 0, 172, 191, 0, 0, 0, 0, 0, 0, 0, 0, 236, 73, 77, 191, 150, 212, 170, 191, 0, 0, 0, 0, 0, 0, 0, 0, 120, 56, 72, 191, 124, 244, 169, 191, 0, 0, 0, 0, 0, 0, 0, 0, 179, 128, 69, 191, 59, 11, 171, 191, 0, 0, 0, 0, 0, 0, 0, 0, 146, 31, 65, 191, 115, 172, 170, 191, 0, 0, 0, 0, 0, 0, 0, 0, 125, 100, 61, 191, 139, 214, 170, 191, 0, 0, 0, 0, 0, 0, 0, 0, 89, 103, 58, 191, 110, 168, 171, 191, 0, 0, 0, 0, 0, 0, 0, 0, 145, 102, 55, 191, 248, 118, 172, 191, 0, 0, 0, 0, 0, 0, 0, 0, 155, 51, 51, 191, 125, 31, 172, 191, 0, 0, 0, 0, 0, 0, 0, 0, 15, 156, 47, 191, 254, 83, 172, 191, 0, 0, 0, 0, 0, 0, 0, 0, 47, 6, 44, 191, 216, 131, 172, 191, 0, 0, 0, 0, 0, 0, 0, 0, 61, 140, 39, 191, 112, 195, 171, 191, 0, 0, 0, 0, 0, 0, 0, 0, 229, 225, 35, 191, 117, 203, 171, 191, 0, 0, 0, 0, 0, 0, 0, 0, 162, 141, 32, 191, 191, 39, 172, 191, 0, 0, 0, 0, 0, 0, 0, 0, 168, 154, 30, 191, 148, 3, 174, 191, 0, 0, 0, 0, 0, 0, 0, 0, 193, 79, 26, 191, 210, 75, 173, 191, 0, 0, 0, 0, 0, 0, 0, 0, 108, 103, 24, 191, 12, 65, 175, 191, 0, 0, 0, 0, 0, 0, 0, 0, 244, 9, 19, 191, 210, 51, 173, 191, 0, 0, 0, 0, 0, 0, 0, 0, 189, 27, 16, 191, 166, 244, 173, 191, 0, 0, 0, 0, 0, 0, 0, 0, 91, 150, 12, 191, 2, 252, 173, 191, 0, 0, 0, 0, 0, 0, 0, 0, 69, 195, 7, 191, 19, 84, 172, 191, 0, 0, 0, 0, 0, 0, 0, 0, 101, 100, 5, 191, 48, 192, 173, 191, 0, 0, 0, 0, 0, 0, 0, 0, 162, 159, 2, 191, 145, 175, 174, 191, 0, 0, 0, 0, 0, 0, 0, 0, 234, 246, 254, 190, 250, 32, 175, 191, 0, 0, 0, 0, 0, 0, 0, 0, 66, 178, 249, 190, 28, 72, 176, 191, 0, 0, 0, 0, 0, 0, 0, 0, 215, 93, 241, 190, 18, 63, 175, 191, 0, 0, 0, 0, 0, 0, 0, 0, 95, 26, 234, 190, 164, 234, 174, 191, 0, 0, 0, 0, 0, 0, 0, 0, 144, 118, 228, 190, 45, 201, 175, 191, 0, 0, 0, 0, 0, 0, 0, 0, 178, 2, 222, 190, 141, 8, 176, 191, 0, 0, 0, 0, 0, 0, 0, 0, 58, 66, 215, 190, 124, 5, 176, 191, 0, 0, 0, 0, 0, 0, 0, 0, 22, 97, 208, 190, 229, 222, 175, 191, 0, 0, 0, 0, 0, 0, 0, 0, 156, 95, 202, 190, 15, 113, 176, 191, 0, 0, 0, 0, 0, 0, 0, 0, 200, 63, 195, 190, 84, 3, 176, 191, 0, 0, 0, 0, 0, 0, 0, 0, 90, 74, 190, 190, 134, 139, 177, 191, 0, 0, 0, 0, 0, 0, 0, 0, 182, 41, 182, 190, 52, 24, 176, 191, 0, 0, 0, 0, 0, 0, 0, 0, 190, 31, 177, 190, 97, 154, 177, 191, 0, 0, 0, 0, 0, 0, 0, 0, 4, 135, 168, 190, 81, 126, 175, 191, 0, 0, 0, 0, 0, 0, 0, 0, 193, 209, 161, 190, 22, 59, 175, 191, 0, 0, 0, 0, 0, 0, 0, 0, 150, 227, 166, 190, 223, 50, 188, 191, 0, 0, 0, 0, 0, 0, 0, 0, 219, 232, 194, 190, 33, 63, 229, 191, 0, 0, 0, 0, 0, 0, 0, 0, 225, 63, 194, 190, 176, 177, 238, 191, 0, 0, 0, 0, 0, 0, 0, 0, 18, 77, 186, 190, 130, 156, 239, 191, 0, 0, 0, 0, 0, 0, 0, 0, 63, 255, 176, 190, 8, 192, 238, 191, 0, 0, 0, 0, 0, 0, 0, 0, 162, 48, 169, 190, 46, 226, 239, 191, 0, 0, 0, 0, 0, 0, 0, 0, 165, 95, 159, 190, 233, 24, 238, 191, 0, 0, 0, 0, 0, 0, 0, 0, 6, 25, 152, 190, 87, 20, 240, 191, 0, 0, 0, 0, 0, 0, 0, 0, 251, 166, 142, 190, 60, 161, 238, 191, 0, 0, 0, 0, 0, 0, 0, 0, 55, 81, 134, 190, 148, 238, 238, 191, 0, 0, 0, 0, 0, 0, 0, 0, 223, 19, 124, 190, 192, 87, 239, 191, 0, 0, 0, 0, 0, 0, 0, 0, 164, 90, 110, 190, 97, 168, 242, 191, 0, 0, 0, 0, 0, 0, 0, 0, 89, 70, 90, 190, 135, 121, 239, 191, 0, 0, 0, 0, 0, 0, 0, 0, 250, 130, 74, 190, 113, 217, 240, 191, 0, 0, 0, 0, 0, 0, 0, 0, 85, 71, 58, 190, 89, 211, 241, 191, 0, 0, 0, 0, 0, 0, 0, 0, 168, 140, 42, 190, 96, 173, 243, 191, 0, 0, 0, 0, 0, 0, 0, 0, 3, 31, 23, 190, 156, 6, 240, 191, 0, 0, 0, 0, 0, 0, 0, 0, 105, 128, 6, 190, 218, 111, 240, 191, 0, 0, 0, 0, 0, 0, 0, 0, 46, 12, 237, 189, 65, 60, 242, 191, 0, 0, 0, 0, 0, 0, 0, 0, 43, 229, 202, 189, 210, 248, 241, 191, 0, 0, 0, 0, 0, 0, 0, 0, 191, 190, 168, 189, 216, 143, 241, 191, 0, 0, 0, 0, 0, 0, 0, 0, 157, 167, 136, 189, 65, 150, 244, 191, 0, 0, 0, 0, 0, 0, 0, 0, 88, 173, 76, 189, 174, 68, 244, 191, 0, 0, 0, 0, 0, 0, 0, 0, 221, 226, 7, 189, 124, 74, 243, 191, 0, 0, 0, 0, 0, 0, 0, 0, 182, 171, 135, 188, 77, 239, 242, 191, 0, 0, 0, 0, 0, 0, 0, 0, 126, 58, 201, 53, 34, 176, 242, 191, 0, 0, 0, 0, 0, 0, 0, 0, 192, 13, 137, 60, 222, 93, 245, 191, 0, 0, 0, 0, 0, 0, 0, 0, 28, 175, 7, 61, 50, 232, 242, 191, 0, 0, 0, 0, 0, 0, 0, 0, 220, 2, 77, 61, 243, 166, 244, 191, 0, 0, 0, 0, 0, 0, 0, 0, 23, 224, 136, 61, 126, 248, 244, 191, 0, 0, 0, 0, 0, 0, 0, 0, 211, 128, 172, 61, 201, 238, 246, 191, 0, 0, 0, 0, 0, 0, 0, 0, 92, 57, 206, 61, 60, 239, 245, 191, 0, 0, 0, 0, 0, 0, 0, 0, 221, 13, 239, 61, 143, 71, 244, 191, 0, 0, 0, 0, 0, 0, 0, 0, 163, 220, 8, 62, 141, 166, 244, 191, 0, 0, 0, 0, 0, 0, 0, 0, 94, 45, 26, 62, 244, 223, 244, 191, 0, 0, 0, 0, 0, 0, 0, 0, 79, 205, 43, 62, 94, 118, 245, 191, 0, 0, 0, 0, 0, 0, 0, 0, 192, 32, 61, 62, 60, 133, 245, 191, 0, 0, 0, 0, 0, 0, 0, 0, 159, 2, 79, 62, 38, 50, 246, 191, 0, 0, 0, 0, 0, 0, 0, 0, 190, 70, 98, 62, 249, 63, 248, 191, 0, 0, 0, 0, 0, 0, 0, 0, 204, 57, 114, 62, 155, 152, 246, 191, 0, 0, 0, 0, 0, 0, 0, 0, 149, 132, 130, 62, 105, 216, 247, 191, 0, 0, 0, 0, 0, 0, 0, 0, 195, 96, 139, 62, 115, 238, 247, 191, 0, 0, 0, 0, 0, 0, 0, 0, 227, 161, 148, 62, 117, 161, 248, 191, 0, 0, 0, 0, 0, 0, 0, 0, 39, 170, 156, 62, 27, 73, 247, 191, 0, 0, 0, 0, 0, 0, 0, 0, 64, 139, 165, 62, 40, 80, 247, 191, 0, 0, 0, 0, 0, 0, 0, 0, 24, 55, 176, 62, 129, 215, 249, 191, 0, 0, 0, 0, 0, 0, 0, 0, 227, 155, 186, 62, 153, 182, 251, 191, 0, 0, 0, 0, 0, 0, 0, 0, 57, 5, 194, 62, 154, 137, 249, 191, 0, 0, 0, 0, 0, 0, 0, 0, 127, 190, 203, 62, 234, 91, 250, 191, 0, 0, 0, 0, 0, 0, 0, 0, 245, 1, 213, 62, 242, 135, 250, 191, 0, 0, 0, 0, 0, 0, 0, 0, 21, 48, 222, 62, 129, 142, 250, 191, 0, 0, 0, 0, 0, 0, 0, 0, 199, 157, 231, 62, 138, 207, 250, 191, 0, 0, 0, 0, 0, 0, 0, 0, 140, 31, 240, 62, 2, 12, 250, 191, 0, 0, 0, 0, 0, 0, 0, 0, 211, 115, 250, 62, 203, 32, 251, 191, 0, 0, 0, 0, 0, 0, 0, 0, 33, 171, 1, 63, 50, 178, 250, 191, 0, 0, 0, 0, 0, 0, 0, 0, 131, 213, 6, 63, 187, 154, 251, 191, 0, 0, 0, 0, 0, 0, 0, 0, 16, 63, 12, 63, 82, 219, 252, 191, 0, 0, 0, 0, 0, 0, 0, 0, 239, 22, 16, 63, 53, 64, 251, 191, 0, 0, 0, 0, 0, 0, 0, 0, 21, 106, 21, 63, 65, 53, 252, 191, 0, 0, 0, 0, 0, 0, 0, 0, 22, 143, 26, 63, 67, 197, 252, 191, 0, 0, 0, 0, 0, 0, 0, 0, 67, 50, 32, 63, 46, 10, 254, 191, 0, 0, 0, 0, 0, 0, 0, 0, 56, 132, 35, 63, 120, 160, 251, 191, 0, 0, 0, 0, 0, 0, 0, 0, 94, 176, 41, 63, 1, 147, 253, 191, 0, 0, 0, 0, 0, 0, 0, 0, 181, 27, 47, 63, 202, 70, 254, 191, 0, 0, 0, 0, 0, 0, 0, 0, 189, 122, 52, 63, 125, 212, 254, 191, 0, 0, 0, 0, 0, 0, 0, 0, 34, 213, 56, 63, 159, 233, 253, 191, 0, 0, 0, 0, 0, 0, 0, 0, 156, 157, 61, 63, 118, 147, 253, 191, 0, 0, 0, 0, 0, 0, 0, 0, 137, 81, 67, 63, 122, 105, 254, 191, 0, 0, 0, 0, 0, 0, 0, 0, 183, 160, 73, 63, 150, 238, 255, 191, 0, 0, 0, 0, 0, 0, 0, 0, 190, 11, 79, 63, 89, 29, 0, 192, 0, 0, 0, 0, 0, 0, 0, 0, 79, 55, 83, 63, 28, 246, 254, 191, 0, 0, 0, 0, 0, 0, 0, 0, 30, 66, 89, 63, 78, 234, 255, 191, 0, 0, 0, 0, 0, 0, 0, 0, 65, 173, 96, 63, 76, 46, 1, 192, 0, 0, 0, 0, 0, 0, 0, 0, 97, 125, 101, 63, 117, 220, 0, 192, 0, 0, 0, 0, 0, 0, 0, 0, 137, 80, 108, 63, 7, 163, 1, 192, 0, 0, 0, 0, 0, 0, 0, 0, 82, 5, 114, 63, 30, 193, 1, 192, 0, 0, 0, 0, 0, 0, 0, 0, 76, 112, 117, 63, 207, 164, 0, 192, 0, 0, 0, 0, 0, 0, 0, 0, 148, 240, 123, 63, 140, 35, 1, 192, 0, 0, 0, 0, 0, 0, 0, 0, 31, 246, 128, 63, 50, 84, 1, 192, 0, 0, 0, 0, 0, 0, 0, 0, 26, 111, 132, 63, 114, 245, 1, 192, 0, 0, 0, 0, 0, 0, 0, 0, 7, 104, 135, 63, 165, 14, 2, 192, 0, 0, 0, 0, 0, 0, 0, 0, 222, 38, 138, 63, 220, 233, 1, 192, 0, 0, 0, 0, 0, 0, 0, 0, 59, 53, 141, 63, 118, 9, 2, 192, 0, 0, 0, 0, 0, 0, 0, 0, 200, 37, 145, 63, 95, 237, 2, 192, 0, 0, 0, 0, 0, 0, 0, 0, 6, 190, 147, 63, 68, 145, 2, 192, 0, 0, 0, 0, 0, 0, 0, 0, 66, 102, 150, 63, 26, 64, 2, 192, 0, 0, 0, 0, 0, 0, 0, 0, 12, 141, 154, 63, 58, 48, 3, 192, 0, 0, 0, 0, 0, 0, 0, 0, 152, 123, 158, 63, 106, 225, 3, 192, 0, 0, 0, 0, 0, 0, 0, 0, 12, 165, 160, 63, 43, 19, 3, 192, 0, 0, 0, 0, 0, 0, 0, 0, 104, 72, 164, 63, 86, 116, 3, 192, 0, 0, 0, 0, 0, 0, 0, 0, 113, 189, 167, 63, 118, 166, 3, 192, 0, 0, 0, 0, 0, 0, 0, 0, 147, 13, 172, 63, 76, 120, 4, 192, 0, 0, 0, 0, 0, 0, 0, 0, 197, 91, 174, 63, 211, 182, 3, 192, 0, 0, 0, 0, 0, 0, 0, 0, 18, 222, 177, 63, 177, 217, 3, 192, 0, 0, 0, 0, 0, 0, 0, 0, 164, 156, 181, 63, 199, 31, 4, 192, 0, 0, 0, 0, 0, 0, 0, 0, 163, 66, 186, 63, 27, 1, 5, 192, 0, 0, 0, 0, 0, 0, 0, 0, 138, 195, 189, 63, 44, 5, 5, 192, 0, 0, 0, 0, 0, 0, 0, 0, 181, 110, 193, 63, 127, 30, 5, 192, 0, 0, 0, 0, 0, 0, 0, 0, 215, 244, 197, 63, 20, 195, 5, 192, 0, 0, 0, 0, 0, 0, 0, 0, 112, 151, 200, 63, 255, 24, 5, 192, 0, 0, 0, 0, 0, 0, 0, 0, 44, 99, 204, 63, 155, 46, 5, 192, 0, 0, 0, 0, 0, 0, 0, 0, 49, 11, 208, 63, 125, 36, 5, 192, 0, 0, 0, 0, 0, 0, 0, 0, 49, 253, 212, 63, 242, 225, 5, 192, 0, 0, 0, 0, 0, 0, 0, 0, 250, 22, 217, 63, 218, 10, 6, 192, 0, 0, 0, 0, 0, 0, 0, 0, 97, 63, 223, 63, 63, 105, 7, 192, 0, 0, 0, 0, 0, 0, 0, 0, 168, 45, 226, 63, 106, 198, 6, 192, 0, 0, 0, 0, 0, 0, 0, 0, 208, 89, 230, 63, 140, 218, 6, 192, 0, 0, 0, 0, 0, 0, 0, 0, 0, 57, 236, 63, 69, 223, 7, 192, 0, 0, 0, 0, 0, 0, 0, 0, 77, 202, 240, 63, 33, 21, 8, 192, 0, 0, 0, 0, 0, 0, 0, 0, 143, 200, 244, 63, 45, 238, 7, 192, 0, 0, 0, 0, 0, 0, 0, 0, 93, 145, 249, 63, 169, 45, 8, 192, 0, 0, 0, 0, 0, 0, 0, 0, 229, 19, 255, 63, 239, 196, 8, 192, 0, 0, 0, 0, 0, 0, 0, 0, 21, 167, 1, 64, 66, 160, 8, 192, 0, 0, 0, 0, 0, 0, 0, 0, 122, 44, 4, 64, 218, 222, 8, 192, 0, 0, 0, 0, 0, 0, 0, 0, 235, 215, 6, 64, 224, 55, 9, 192, 0, 0, 0, 0, 0, 0, 0, 0, 80, 251, 9, 64, 120, 251, 9, 192, 0, 0, 0, 0, 0, 0, 0, 0, 72, 234, 12, 64, 65, 122, 10, 192, 0, 0, 0, 0, 0, 0, 0, 0, 178, 171, 14, 64, 173, 198, 9, 192, 0, 0, 0, 0, 0, 0, 0, 0, 75, 252, 14, 64, 83, 176, 7, 192, 0, 0, 0, 0, 0, 0, 0, 0, 42, 116, 10, 64, 92, 28, 1, 192, 0, 0, 0, 0, 0, 0, 0, 0, 14, 183, 6, 64, 101, 227, 246, 191, 0, 0, 0, 0, 0, 0, 0, 0, 42, 44, 4, 64, 178, 4, 238, 191, 0, 0, 0, 0, 0, 0, 0, 0, 153, 254, 1, 64, 20, 5, 230, 191, 0, 0, 0, 0, 0, 0, 0, 0, 236, 246, 0, 64, 28, 55, 224, 191, 0, 0, 0, 0, 0, 0, 0, 0, 210, 134, 0, 64, 143, 139, 219, 191, 0, 0, 0, 0, 0, 0, 0, 0, 10, 135, 255, 63, 247, 105, 214, 191, 0, 0, 0, 0, 0, 0, 0, 0, 16, 26, 0, 64, 232, 50, 211, 191, 0, 0, 0, 0, 0, 0, 0, 0, 120, 82, 0, 64, 202, 211, 207, 191, 0, 0, 0, 0, 0, 0, 0, 0, 143, 82, 0, 64, 62, 37, 204, 191, 0, 0, 0, 0, 0, 0, 0, 0, 118, 149, 254, 63, 76, 231, 198, 191, 0, 0, 0, 0, 0, 0, 0, 0, 170, 26, 0, 64, 172, 152, 196, 191, 0, 0, 0, 0, 0, 0, 0, 0, 177, 93, 1, 64, 38, 248, 194, 191, 0, 0, 0, 0, 0, 0, 0, 0, 243, 236, 0, 64, 246, 204, 190, 191, 0, 0, 0, 0, 0, 0, 0, 0, 200, 86, 1, 64, 251, 240, 187, 191, 0, 0, 0, 0, 0, 0, 0, 0, 123, 119, 2, 64, 112, 31, 186, 191, 0, 0, 0, 0, 0, 0, 0, 0, 137, 86, 0, 64, 46, 186, 179, 191, 0, 0, 0, 0, 0, 0, 0, 0, 132, 164, 0, 64, 249, 211, 176, 191, 0, 0, 0, 0, 0, 0, 0, 0, 177, 172, 1, 64, 22, 239, 174, 191, 0, 0, 0, 0, 0, 0, 0, 0, 112, 32, 3, 64, 29, 149, 173, 191, 0, 0, 0, 0, 0, 0, 0, 0, 118, 106, 4, 64, 5, 252, 171, 191, 0, 0, 0, 0, 0, 0, 0, 0, 71, 145, 4, 64, 11, 233, 168, 191, 0, 0, 0, 0, 0, 0, 0, 0, 235, 173, 5, 64, 162, 16, 167, 191, 0, 0, 0, 0, 0, 0, 0, 0, 229, 0, 7, 64, 16, 118, 165, 191, 0, 0, 0, 0, 0, 0, 0, 0, 70, 209, 8, 64, 203, 106, 164, 191, 0, 0, 0, 0, 0, 0, 0, 0, 116, 89, 11, 64, 184, 42, 164, 191, 0, 0, 0, 0, 0, 0, 0, 0, 120, 15, 12, 64, 129, 186, 161, 191, 0, 0, 0, 0, 0, 0, 0, 0, 212, 52, 13, 64, 57, 200, 159, 191, 0, 0, 0, 0, 0, 0, 0, 0, 56, 160, 14, 64, 71, 30, 158, 191, 0, 0, 0, 0, 0, 0, 0, 0, 215, 93, 15, 64, 31, 175, 155, 191, 0, 0, 0, 0, 0, 0, 0, 0, 119, 130, 17, 64, 5, 189, 154, 191, 0, 0, 0, 0, 0, 0, 0, 0, 240, 254, 19, 64, 142, 21, 154, 191, 0, 0, 0, 0, 0, 0, 0, 0, 140, 168, 22, 64, 124, 135, 153, 191, 0, 0, 0, 0, 0, 0, 0, 0, 102, 186, 25, 64, 239, 74, 153, 191, 0, 0, 0, 0, 0, 0, 0, 0, 78, 33, 30, 64, 72, 64, 154, 191, 0, 0, 0, 0, 0, 0, 0, 0, 126, 102, 36, 64, 164, 212, 156, 191, 0, 0, 0, 0, 0, 0, 0, 0, 82, 91, 42, 64, 198, 224, 158, 191, 0, 0, 0, 0, 0, 0, 0, 0, 230, 196, 52, 64, 100, 195, 164, 191, 0, 0, 0, 0, 0, 0, 0, 0, 90, 145, 58, 64, 165, 33, 166, 191, 0, 0, 0, 0, 0, 0, 0, 0, 67, 174, 66, 64, 203, 76, 169, 191, 0, 0, 0, 0, 0, 0, 0, 0, 194, 230, 79, 64, 169, 127, 176, 191, 0, 0, 0, 0, 0, 0, 0, 0, 23, 54, 84, 64, 109, 205, 175, 191, 0, 0, 0, 0, 0, 0, 0, 0, 168, 195, 175, 64, 7, 7, 14, 192, 0, 0, 0, 0, 0, 0, 0, 0, 147, 40, 180, 64, 239, 238, 13, 192, 0, 0, 0, 0, 0, 0, 0, 0, 189, 15, 152, 64, 36, 124, 233, 191, 0, 0, 0, 0, 0, 0, 0, 0, 247, 219, 147, 64, 93, 33, 221, 191, 0, 0, 0, 0, 0, 0, 0, 0, 113, 24, 148, 64, 73, 156, 215, 191, 0, 0, 0, 0, 0, 0, 0, 0, 77, 57, 149, 64, 114, 95, 211, 191, 0, 0, 0, 0, 0, 0, 0, 0, 160, 212, 149, 64, 68, 93, 206, 191, 0, 0, 0, 0, 0, 0, 0, 0, 165, 163, 150, 64, 36, 157, 201, 191, 0, 0, 0, 0, 0, 0, 0, 0, 31, 160, 152, 64, 125, 93, 198, 191, 0, 0, 0, 0, 0, 0, 0, 0, 29, 193, 153, 64, 84, 234, 193, 191, 0, 0, 0, 0, 0, 0, 0, 0, 65, 28, 154, 64, 85, 119, 188, 191, 0, 0, 0, 0, 0, 0, 0, 0, 57, 160, 153, 64, 122, 6, 182, 191, 0, 0, 0, 0, 0, 0, 0, 0, 18, 252, 159, 64, 35, 128, 183, 191, 0, 0, 0, 0, 0, 0, 0, 0, 3, 64, 200, 64, 108, 35, 222, 191, 0, 0, 0, 0, 0, 0, 0, 0, 66, 211, 19, 65, 138, 112, 30, 192, 0, 0, 0, 0, 0, 0, 0, 0, 185, 250, 19, 65, 205, 20, 25, 192, 0, 0, 0, 0, 0, 0, 0, 0, 41, 19, 20, 65, 132, 173, 19, 192, 0, 0, 0, 0, 0, 0, 0, 0, 116, 40, 20, 65, 131, 71, 14, 192, 0, 0, 0, 0, 0, 0, 0, 0, 148, 70, 20, 65, 247, 237, 8, 192, 0, 0, 0, 0, 0, 0, 0, 0, 157, 113, 20, 65, 69, 163, 3, 192, 0, 0, 0, 0, 0, 0, 0, 0, 176, 185, 20, 65, 0, 231, 252, 191, 0, 0, 0, 0, 0, 0, 0, 0, 143, 166, 20, 65, 205, 242, 241, 191, 0, 0, 0, 0, 0, 0, 0, 0, 183, 240, 20, 65, 70, 156, 231, 191, 0, 0, 0, 0, 0, 0, 0, 0, 156, 255, 20, 65, 130, 236, 220, 191, 0, 0, 0, 0, 0, 0, 0, 0, 109, 128, 21, 65, 50, 228, 210, 191, 0, 0, 0, 0, 0, 0, 0, 0, 139, 110, 167, 64, 103, 38, 96, 191, 0, 0, 0, 0, 0, 0, 0, 0, 151, 90, 167, 64, 92, 13, 84, 191, 0, 0, 0, 0, 0, 0, 0, 0, 77, 96, 166, 64, 65, 236, 70, 191, 0, 0, 0, 0, 0, 0, 0, 0, 192, 154, 165, 64, 27, 50, 58, 191, 0, 0, 0, 0, 0, 0, 0, 0, 208, 229, 163, 64, 92, 159, 44, 191, 0, 0, 0, 0, 0, 0, 0, 0, 235, 190, 162, 64, 13, 221, 31, 191, 0, 0, 0, 0, 0, 0, 0, 0, 97, 190, 165, 64, 51, 19, 23, 191, 0, 0, 0, 0, 0, 0, 0, 0, 183, 72, 166, 64, 197, 209, 11, 191, 0, 0, 0, 0, 0, 0, 0, 0, 215, 49, 167, 64, 87, 203, 0, 191, 0, 0, 0, 0, 0, 0, 0, 0, 70, 22, 174, 64, 218, 177, 243, 190, 0, 0, 0, 0, 0, 0, 0, 0, 209, 87, 194, 64, 33, 186, 244, 190, 0, 0, 0, 0, 0, 0, 0, 0, 8, 14, 197, 64, 198, 121, 220, 190, 0, 0, 0, 0, 0, 0, 0, 0, 3, 141, 197, 64, 37, 84, 193, 190, 0, 0, 0, 0, 0, 0, 0, 0, 58, 188, 198, 64, 67, 166, 166, 190, 0, 0, 0, 0, 0, 0, 0, 0, 156, 133, 199, 64, 218, 98, 139, 190, 0, 0, 0, 0, 0, 0, 0, 0, 29, 60, 192, 64, 81, 211, 86, 190, 0, 0, 0, 0, 0, 0, 0, 0, 19, 102, 190, 64, 228, 141, 31, 190, 0, 0, 0, 0, 0, 0, 0, 0, 57, 234, 190, 64, 148, 75, 213, 189, 0, 0, 0, 0, 0, 0, 0, 0, 197, 153, 192, 64, 146, 46, 87, 189, 0, 0, 0, 0, 0, 0, 0, 0, 117, 147, 192, 64, 178, 139, 33, 183, 0, 0, 0, 0, 0, 0, 0, 0, 112, 10, 190, 64, 121, 62, 84, 61, 0, 0, 0, 0, 0, 0, 0, 0, 162, 205, 188, 64, 184, 229, 210, 61, 0, 0, 0, 0, 0, 0, 0, 0, 235, 104, 181, 64, 195, 0, 24, 62, 0, 0, 0, 0, 0, 0, 0, 0, 52, 189, 178, 64, 181, 185, 71, 62, 0, 0, 0, 0, 0, 0, 0, 0, 45, 192, 177, 64, 212, 85, 120, 62, 0, 0, 0, 0, 0, 0, 0, 0, 166, 197, 177, 64, 200, 15, 149, 62, 0, 0, 0, 0, 0, 0, 0, 0, 238, 49, 178, 64, 158, 96, 174, 62, 0, 0, 0, 0, 0, 0, 0, 0, 171, 15, 178, 64, 41, 55, 199, 62, 0, 0, 0, 0, 0, 0, 0, 0, 74, 92, 178, 64, 130, 151, 224, 62, 0, 0, 0, 0, 0, 0, 0, 0, 73, 22, 174, 64, 145, 175, 243, 62, 0, 0, 0, 0, 0, 0, 0, 0, 27, 101, 146, 64, 49, 137, 225, 62, 0, 0, 0, 0, 0, 0, 0, 0, 91, 49, 142, 64, 13, 30, 239, 62, 0, 0, 0, 0, 0, 0, 0, 0, 90, 140, 141, 64, 107, 4, 1, 63, 0, 0, 0, 0, 0, 0, 0, 0, 187, 151, 141, 64, 212, 20, 11, 63, 0, 0, 0, 0, 0, 0, 0, 0, 56, 225, 141, 64, 196, 109, 21, 63, 0, 0, 0, 0, 0, 0, 0, 0, 132, 170, 131, 64, 179, 8, 20, 63, 0, 0, 0, 0, 0, 0, 0, 0, 173, 229, 126, 64, 123, 96, 24, 63, 0, 0, 0, 0, 0, 0, 0, 0, 63, 214, 123, 64, 233, 139, 31, 63, 0, 0, 0, 0, 0, 0, 0, 0, 71, 28, 124, 64, 237, 192, 40, 63, 0, 0, 0, 0, 0, 0, 0, 0, 83, 141, 124, 64, 18, 32, 50, 63, 0, 0, 0, 0, 0, 0, 0, 0, 252, 51, 122, 64, 231, 124, 57, 63, 0, 0, 0, 0, 0, 0, 0, 0, 204, 165, 118, 64, 170, 197, 63, 63, 0, 0, 0, 0, 0, 0, 0, 0, 166, 53, 115, 64, 175, 236, 69, 63, 0, 0, 0, 0, 0, 0, 0, 0, 252, 243, 112, 64, 236, 220, 76, 63, 0, 0, 0, 0, 0, 0, 0, 0, 77, 79, 111, 64, 145, 54, 84, 63, 0, 0, 0, 0, 0, 0, 0, 0, 117, 23, 109, 64, 46, 242, 90, 63, 0, 0, 0, 0, 0, 0, 0, 0, 47, 8, 111, 64, 89, 139, 101, 63, 0, 0, 0, 0, 0, 0, 0, 0, 199, 174, 114, 64, 88, 7, 114, 63, 0, 0, 0, 0, 0, 0, 0, 0, 116, 87, 120, 64, 61, 115, 128, 63, 0, 0, 0, 0, 0, 0, 0, 0, 52, 229, 119, 64, 137, 216, 132, 63, 0, 0, 0, 0, 0, 0, 0, 0, 114, 187, 131, 64, 31, 33, 146, 63, 0, 0, 0, 0, 0, 0, 0, 0, 45, 139, 142, 64, 115, 126, 163, 63, 0, 0, 0, 0, 0, 0, 0, 0, 221, 36, 139, 64, 70, 221, 164, 63, 0, 0, 0, 0, 0, 0, 0, 0, 50, 14, 136, 64, 101, 98, 166, 63, 0, 0, 0, 0, 0, 0, 0, 0, 250, 232, 132, 64, 230, 159, 167, 63, 0, 0, 0, 0, 0, 0, 0, 0, 169, 212, 129, 64, 193, 188, 168, 63, 0, 0, 0, 0, 0, 0, 0, 0, 25, 178, 125, 64, 25, 197, 169, 63, 0, 0, 0, 0, 0, 0, 0, 0, 237, 184, 72, 64, 81, 58, 138, 63, 0, 0, 0, 0, 0, 0, 0, 0, 186, 245, 58, 64, 73, 105, 132, 63, 0, 0, 0, 0, 0, 0, 0, 0, 126, 11, 54, 64, 103, 132, 132, 63, 0, 0, 0, 0, 0, 0, 0, 0, 181, 144, 24, 64, 140, 42, 100, 63, 0, 0, 0, 0, 0, 0, 0, 0, 21, 101, 11, 64, 162, 8, 86, 63, 0, 0, 0, 0, 0, 0, 0, 0, 35, 245, 8, 64, 141, 203, 87, 63, 0, 0, 0, 0, 0, 0, 0, 0, 198, 55, 5, 64, 10, 75, 87, 63, 0, 0, 0, 0, 0, 0, 0, 0, 138, 37, 3, 64, 58, 74, 89, 63, 0, 0, 0, 0, 0, 0, 0, 0, 117, 230, 0, 64, 213, 219, 90, 63, 0, 0, 0, 0, 0, 0, 0, 0, 136, 140, 253, 63, 215, 125, 92, 63, 0, 0, 0, 0, 0, 0, 0, 0, 116, 137, 249, 63, 126, 51, 94, 63, 0, 0, 0, 0, 0, 0, 0, 0, 126, 98, 242, 63, 220, 235, 92, 63, 0, 0, 0, 0, 0, 0, 0, 0, 93, 105, 241, 63, 174, 36, 97, 63, 0, 0, 0, 0, 0, 0, 0, 0, 55, 37, 236, 63, 50, 69, 97, 63, 0, 0, 0, 0, 0, 0, 0, 0, 23, 12, 232, 63, 106, 90, 98, 63, 0, 0, 0, 0, 0, 0, 0, 0, 229, 108, 232, 63, 228, 195, 103, 63, 0, 0, 0, 0, 0, 0, 0, 0, 36, 162, 231, 63, 158, 11, 108, 63, 0, 0, 0, 0, 0, 0, 0, 0, 19, 18, 232, 63, 165, 157, 113, 63, 0, 0, 0, 0, 0, 0, 0, 0, 95, 155, 233, 63, 211, 107, 120, 63, 0, 0, 0, 0, 0, 0, 0, 0, 48, 77, 233, 63, 14, 88, 125, 63, 0, 0, 0, 0, 0, 0, 0, 0, 210, 221, 233, 63, 71, 162, 129, 63, 0, 0, 0, 0, 0, 0, 0, 0, 16, 101, 233, 63, 73, 12, 132, 63, 0, 0, 0, 0, 0, 0, 0, 0, 210, 30, 233, 63, 121, 151, 134, 63, 0, 0, 0, 0, 0, 0, 0, 0, 63, 121, 234, 63, 119, 29, 138, 63, 0, 0, 0, 0, 0, 0, 0, 0, 6, 7, 234, 63, 18, 158, 140, 63, 0, 0, 0, 0, 0, 0, 0, 0, 194, 81, 234, 63, 53, 151, 143, 63, 0, 0, 0, 0, 0, 0, 0, 0, 131, 191, 236, 63, 170, 239, 147, 63, 0, 0, 0, 0, 0, 0, 0, 0, 137, 72, 237, 63, 109, 42, 151, 63, 0, 0, 0, 0, 0, 0, 0, 0, 208, 34, 237, 63, 90, 255, 153, 63, 0, 0, 0, 0, 0, 0, 0, 0, 247, 234, 237, 63, 84, 121, 157, 63, 0, 0, 0, 0, 0, 0, 0, 0, 219, 229, 235, 63, 92, 29, 159, 63, 0, 0, 0, 0, 0, 0, 0, 0, 40, 196, 235, 63, 134, 9, 162, 63, 0, 0, 0, 0, 0, 0, 0, 0, 74, 98, 237, 63, 180, 55, 166, 63, 0, 0, 0, 0, 0, 0, 0, 0, 236, 188, 238, 63, 41, 74, 170, 63, 0, 0, 0, 0, 0, 0, 0, 0, 43, 62, 237, 63, 215, 93, 172, 63, 0, 0, 0, 0, 0, 0, 0, 0, 196, 107, 235, 63, 176, 51, 174, 63, 0, 0, 0, 0, 0, 0, 0, 0, 151, 65, 232, 63, 100, 4, 175, 63, 0, 0, 0, 0, 0, 0, 0, 0, 100, 24, 229, 63, 97, 202, 175, 63, 0, 0, 0, 0, 0, 0, 0, 0, 176, 193, 169, 63, 201, 160, 132, 63, 0, 0, 0, 0, 0, 0, 0, 0, 153, 171, 155, 63, 161, 166, 119, 63, 0, 0, 0, 0, 0, 0, 0, 0, 46, 97, 155, 63, 178, 165, 123, 63, 0, 0, 0, 0, 0, 0, 0, 0, 142, 89, 156, 63, 113, 226, 128, 63, 0, 0, 0, 0, 0, 0, 0, 0, 69, 116, 153, 63, 87, 195, 128, 63, 0, 0, 0, 0, 0, 0, 0, 0, 96, 51, 153, 63, 111, 216, 130, 63, 0, 0, 0, 0, 0, 0, 0, 0, 53, 12, 155, 63, 213, 199, 134, 63, 0, 0, 0, 0, 0, 0, 0, 0, 57, 39, 154, 63, 9, 98, 136, 63, 0, 0, 0, 0, 0, 0, 0, 0, 170, 112, 147, 63, 95, 193, 132, 63, 0, 0, 0, 0, 0, 0, 0, 0, 101, 219, 134, 63, 150, 37, 119, 63, 0, 0, 0, 0, 0, 0, 0, 0, 139, 94, 132, 63, 73, 223, 118, 63, 0, 0, 0, 0, 0, 0, 0, 0, 246, 175, 128, 63, 43, 61, 116, 63, 0, 0, 0, 0, 0, 0, 0, 0, 193, 184, 128, 63, 18, 156, 120, 63, 0, 0, 0, 0, 0, 0, 0, 0, 80, 14, 121, 63, 253, 190, 116, 63, 0, 0, 0, 0, 0, 0, 0, 0, 230, 113, 121, 63, 196, 113, 121, 63, 0, 0, 0, 0, 0, 0, 0, 0, 76, 132, 113, 63, 205, 196, 117, 63, 0, 0, 0, 0, 0, 0, 0, 0, 152, 58, 109, 63, 62, 168, 117, 63, 0, 0, 0, 0, 0, 0, 0, 0, 234, 155, 104, 63, 72, 30, 117, 63, 0, 0, 0, 0, 0, 0, 0, 0, 135, 85, 103, 63, 47, 19, 120, 63, 0, 0, 0, 0, 0, 0, 0, 0, 90, 85, 101, 63, 228, 69, 122, 63, 0, 0, 0, 0, 0, 0, 0, 0, 75, 44, 94, 63, 102, 191, 118, 63, 0, 0, 0, 0, 0, 0, 0, 0, 229, 2, 92, 63, 84, 173, 120, 63, 0, 0, 0, 0, 0, 0, 0, 0, 67, 209, 87, 63, 226, 68, 120, 63, 0, 0, 0, 0, 0, 0, 0, 0, 134, 164, 85, 63, 153, 36, 122, 63, 0, 0, 0, 0, 0, 0, 0, 0, 31, 203, 82, 63, 159, 54, 123, 63, 0, 0, 0, 0, 0, 0, 0, 0, 116, 44, 77, 63, 34, 229, 120, 63, 0, 0, 0, 0, 0, 0, 0, 0, 59, 139, 73, 63, 175, 226, 120, 63, 0, 0, 0, 0, 0, 0, 0, 0, 121, 104, 70, 63, 196, 110, 121, 63, 0, 0, 0, 0, 0, 0, 0, 0, 12, 3, 69, 63, 203, 41, 124, 63, 0, 0, 0, 0, 0, 0, 0, 0, 65, 159, 64, 63, 143, 7, 123, 63, 0, 0, 0, 0, 0, 0, 0, 0, 158, 9, 61, 63, 96, 220, 122, 63, 0, 0, 0, 0, 0, 0, 0, 0, 94, 176, 58, 63, 142, 75, 124, 63, 0, 0, 0, 0, 0, 0, 0, 0, 91, 7, 56, 63, 25, 75, 125, 63, 0, 0, 0, 0, 0, 0, 0, 0, 64, 159, 52, 63, 236, 56, 125, 63, 0, 0, 0, 0, 0, 0, 0, 0, 202, 103, 50, 63, 246, 201, 126, 63, 0, 0, 0, 0, 0, 0, 0, 0, 116, 70, 45, 63, 214, 29, 124, 63, 0, 0, 0, 0, 0, 0, 0, 0, 227, 125, 40, 63, 129, 204, 121, 63, 0, 0, 0, 0, 0, 0, 0, 0, 13, 3, 39, 63, 186, 83, 124, 63, 0, 0, 0, 0, 0, 0, 0, 0, 67, 27, 36, 63, 142, 179, 124, 63, 0, 0, 0, 0, 0, 0, 0, 0, 186, 177, 31, 63, 87, 171, 122, 63, 0, 0, 0, 0, 0, 0, 0, 0, 25, 11, 30, 63, 248, 235, 124, 63, 0, 0, 0, 0, 0, 0, 0, 0, 230, 60, 30, 63, 49, 28, 129, 63, 0, 0, 0, 0, 0, 0, 0, 0, 87, 70, 31, 63, 224, 137, 132, 63, 0, 0, 0, 0, 0, 0, 0, 0, 138, 231, 30, 63, 255, 225, 134, 63, 0, 0, 0, 0, 0, 0, 0, 0, 60, 92, 31, 63, 126, 2, 138, 63, 0, 0, 0, 0, 0, 0, 0, 0, 53, 186, 32, 63, 190, 10, 142, 63, 0, 0, 0, 0, 0, 0, 0, 0, 174, 153, 32, 63, 107, 221, 144, 63, 0, 0, 0, 0, 0, 0, 0, 0, 182, 243, 34, 63, 72, 15, 150, 63, 0, 0, 0, 0, 0, 0, 0, 0, 19, 54, 35, 63, 54, 122, 153, 63, 0, 0, 0, 0, 0, 0, 0, 0, 131, 216, 37, 63, 249, 74, 159, 63, 0, 0, 0, 0, 0, 0, 0, 0, 198, 2, 39, 63, 89, 227, 163, 63, 0, 0, 0, 0, 0, 0, 0, 0, 252, 138, 38, 63, 33, 4, 167, 63, 0, 0, 0, 0, 0, 0, 0, 0, 164, 80, 38, 63, 94, 127, 170, 63, 0, 0, 0, 0, 0, 0, 0, 0, 97, 133, 39, 63, 93, 155, 175, 63, 0, 0, 0, 0, 0, 0, 0, 0, 182, 226, 40, 63, 98, 22, 181, 63, 0, 0, 0, 0, 0, 0, 0, 0, 216, 6, 43, 63, 36, 164, 187, 63, 0, 0, 0, 0, 0, 0, 0, 0, 181, 174, 40, 63, 195, 110, 189, 63, 0, 0, 0, 0, 0, 0, 0, 0, 190, 47, 38, 63, 187, 25, 191, 63, 0, 0, 0, 0, 0, 0, 0, 0, 123, 190, 31, 63, 113, 42, 188, 63, 0, 0, 0, 0, 0, 0, 0, 0, 206, 246, 27, 63, 173, 67, 188, 63, 0, 0, 0, 0, 0, 0, 0, 0, 84, 14, 25, 63, 147, 105, 189, 63, 0, 0, 0, 0, 0, 0, 0, 0, 91, 206, 20, 63, 208, 225, 188, 63, 0, 0, 0, 0, 0, 0, 0, 0, 143, 11, 17, 63, 59, 237, 188, 63, 0, 0, 0, 0, 0, 0, 0, 0, 32, 144, 13, 63, 4, 80, 189, 63, 0, 0, 0, 0, 0, 0, 0, 0, 63, 231, 9, 63, 32, 113, 189, 63, 0, 0, 0, 0, 0, 0, 0, 0, 249, 63, 6, 63, 195, 141, 189, 63, 0, 0, 0, 0, 0, 0, 0, 0, 102, 154, 2, 63, 241, 165, 189, 63, 0, 0, 0, 0, 0, 0, 0, 0, 207, 22, 254, 62, 192, 216, 189, 63, 0, 0, 0, 0, 0, 0, 0, 0, 234, 8, 249, 62, 115, 156, 191, 63, 0, 0, 0, 0, 0, 0, 0, 0, 180, 164, 240, 62, 231, 205, 190, 63, 0, 0, 0, 0, 0, 0, 0, 0, 218, 17, 236, 62, 37, 9, 193, 63, 0, 0, 0, 0, 0, 0, 0, 0, 238, 175, 225, 62, 164, 121, 190, 63, 0, 0, 0, 0, 0, 0, 0, 0, 19, 149, 220, 62, 81, 80, 192, 63, 0, 0, 0, 0, 0, 0, 0, 0, 52, 196, 212, 62, 6, 205, 191, 63, 0, 0, 0, 0, 0, 0, 0, 0, 190, 34, 205, 62, 109, 100, 191, 63, 0, 0, 0, 0, 0, 0, 0, 0, 216, 48, 198, 62, 174, 149, 191, 63, 0, 0, 0, 0, 0, 0, 0, 0, 55, 95, 191, 62, 180, 226, 191, 63, 0, 0, 0, 0, 0, 0, 0, 0, 68, 98, 185, 62, 229, 10, 193, 63, 0, 0, 0, 0, 0, 0, 0, 0, 5, 16, 178, 62, 232, 208, 192, 63, 0, 0, 0, 0, 0, 0, 0, 0, 47, 254, 170, 62, 128, 210, 192, 63, 0, 0, 0, 0, 0, 0, 0, 0, 249, 10, 164, 62, 4, 240, 192, 63, 0, 0, 0, 0, 0, 0, 0, 0, 110, 103, 157, 62, 220, 105, 193, 63, 0, 0, 0, 0, 0, 0, 0, 0, 183, 28, 152, 62, 95, 162, 195, 63, 0, 0, 0, 0, 0, 0, 0, 0, 231, 241, 142, 62, 240, 207, 192, 63, 0, 0, 0, 0, 0, 0, 0, 0, 209, 87, 138, 62, 97, 36, 196, 63, 0, 0, 0, 0, 0, 0, 0, 0, 193, 125, 131, 62, 187, 111, 196, 63, 0, 0, 0, 0, 0, 0, 0, 0, 57, 158, 120, 62, 202, 53, 196, 63, 0, 0, 0, 0, 0, 0, 0, 0, 241, 163, 104, 62, 47, 147, 194, 63, 0, 0, 0, 0, 0, 0, 0, 0, 184, 121, 91, 62, 154, 51, 195, 63, 0, 0, 0, 0, 0, 0, 0, 0, 102, 27, 78, 62, 245, 175, 195, 63, 0, 0, 0, 0, 0, 0, 0, 0, 11, 144, 64, 62, 34, 8, 196, 63, 0, 0, 0, 0, 0, 0, 0, 0, 169, 44, 50, 62, 166, 120, 195, 63, 0, 0, 0, 0, 0, 0, 0, 0, 32, 5, 38, 62, 189, 112, 197, 63, 0, 0, 0, 0, 0, 0, 0, 0, 62, 244, 22, 62, 39, 245, 195, 63, 0, 0, 0, 0, 0, 0, 0, 0, 56, 178, 10, 62, 175, 39, 198, 63, 0, 0, 0, 0, 0, 0, 0, 0, 7, 119, 247, 61, 38, 131, 196, 63, 0, 0, 0, 0, 0, 0, 0, 0, 219, 150, 221, 61, 91, 11, 198, 63, 0, 0, 0, 0, 0, 0, 0, 0, 229, 109, 194, 61, 49, 171, 198, 63, 0, 0, 0, 0, 0, 0, 0, 0, 173, 46, 165, 61, 72, 250, 196, 63, 0, 0, 0, 0, 0, 0, 0, 0, 91, 172, 137, 61, 108, 15, 197, 63, 0, 0, 0, 0, 0, 0, 0, 0, 233, 224, 91, 61, 123, 190, 196, 63, 0, 0, 0, 0, 0, 0, 0, 0, 61, 128, 36, 61, 226, 72, 196, 63, 0, 0, 0, 0, 0, 0, 0, 0, 144, 20, 220, 60, 69, 246, 196, 63, 0, 0, 0, 0, 0, 0, 0, 0, 68, 72, 92, 60, 205, 28, 197, 63, 0, 0, 0, 0, 0, 0, 0, 0, 218, 80, 207, 54, 126, 63, 197, 63, 0, 0, 0, 0, 0, 0, 0, 0, 38, 57, 93, 188, 240, 34, 198, 63, 0, 0, 0, 0, 0, 0, 0, 0, 2, 68, 221, 188, 37, 29, 198, 63, 0, 0, 0, 0, 0, 0, 0, 0, 231, 87, 36, 189, 36, 40, 196, 63, 0, 0, 0, 0, 0, 0, 0, 0, 77, 29, 93, 189, 57, 229, 197, 63, 0, 0, 0, 0, 0, 0, 0, 0, 227, 252, 138, 189, 126, 250, 198, 63, 0, 0, 0, 0, 0, 0, 0, 0, 52, 40, 165, 189, 77, 250, 196, 63, 0, 0, 0, 0, 0, 0, 0, 0, 29, 167, 187, 189, 11, 197, 191, 63, 0, 0, 0, 0, 0, 0, 0, 0, 240, 107, 203, 189, 252, 211, 181, 63, 0, 0, 0, 0, 0, 0, 0, 0, 51, 192, 216, 189, 201, 35, 172, 63, 0, 0, 0, 0, 0, 0, 0, 0, 96, 54, 227, 189, 242, 82, 162, 63, 0, 0, 0, 0, 0, 0, 0, 0, 143, 18, 239, 189, 179, 47, 155, 63, 0, 0, 0, 0, 0, 0, 0, 0, 236, 25, 248, 189, 22, 138, 147, 63, 0, 0, 0, 0, 0, 0, 0, 0, 12, 178, 252, 189, 139, 159, 138, 63, 0, 0, 0, 0, 0, 0, 0, 0, 228, 133, 6, 190, 161, 244, 136, 63, 0, 0, 0, 0, 0, 0, 0, 0, 58, 20, 16, 190, 186, 205, 136, 63, 0, 0, 0, 0, 0, 0, 0, 0, 20, 10, 31, 190, 58, 117, 141, 63, 0, 0, 0, 0, 0, 0, 0, 0, 254, 31, 37, 190, 60, 29, 138, 63, 0, 0, 0, 0, 0, 0, 0, 0, 160, 50, 44, 190, 241, 231, 135, 63, 0, 0, 0, 0, 0, 0, 0, 0, 245, 7, 55, 190, 21, 185, 136, 63, 0, 0, 0, 0, 0, 0, 0, 0, 7, 83, 63, 190, 191, 162, 135, 63, 0, 0, 0, 0, 0, 0, 0, 0, 125, 115, 77, 190, 123, 145, 138, 63, 0, 0, 0, 0, 0, 0, 0, 0, 212, 191, 85, 190, 153, 117, 137, 63, 0, 0, 0, 0, 0, 0, 0, 0, 157, 185, 94, 190, 61, 216, 136, 63, 0, 0, 0, 0, 0, 0, 0, 0, 155, 123, 104, 190, 194, 184, 136, 63, 0, 0, 0, 0, 0, 0, 0, 0, 74, 118, 114, 190, 126, 182, 136, 63, 0, 0, 0, 0, 0, 0, 0, 0, 185, 174, 127, 190, 77, 112, 138, 63, 0, 0, 0, 0, 0, 0, 0, 0, 153, 140, 132, 190, 177, 7, 138, 63, 0, 0, 0, 0, 0, 0, 0, 0, 122, 158, 136, 190, 140, 253, 136, 63, 0, 0, 0, 0, 0, 0, 0, 0, 234, 166, 141, 190, 92, 239, 136, 63, 0, 0, 0, 0, 0, 0, 0, 0, 183, 56, 147, 190, 211, 92, 137, 63, 0, 0, 0, 0, 0, 0, 0, 0, 50, 86, 154, 190, 15, 34, 139, 63, 0, 0, 0, 0, 0, 0, 0, 0, 21, 51, 158, 190, 4, 238, 137, 63, 0, 0, 0, 0, 0, 0, 0, 0, 224, 43, 164, 190, 171, 143, 138, 63, 0, 0, 0, 0, 0, 0, 0, 0, 96, 230, 169, 190, 165, 238, 138, 63, 0, 0, 0, 0, 0, 0, 0, 0, 186, 209, 173, 190, 229, 210, 137, 63, 0, 0, 0, 0, 0, 0, 0, 0, 158, 240, 178, 190, 205, 174, 137, 63, 0, 0, 0, 0, 0, 0, 0, 0, 8, 45, 186, 190, 164, 27, 139, 63, 0, 0, 0, 0, 0, 0, 0, 0, 84, 134, 192, 190, 40, 201, 139, 63, 0, 0, 0, 0, 0, 0, 0, 0, 140, 7, 196, 190, 41, 101, 138, 63, 0, 0, 0, 0, 0, 0, 0, 0, 236, 77, 203, 190, 106, 165, 139, 63, 0, 0, 0, 0, 0, 0, 0, 0, 161, 82, 210, 190, 211, 162, 140, 63, 0, 0, 0, 0, 0, 0, 0, 0, 96, 172, 214, 190, 55, 208, 139, 63, 0, 0, 0, 0, 0, 0, 0, 0, 165, 139, 219, 190, 245, 86, 139, 63, 0, 0, 0, 0, 0, 0, 0, 0, 84, 169, 227, 190, 123, 223, 140, 63, 0, 0, 0, 0, 0, 0, 0, 0, 240, 145, 232, 190, 245, 94, 140, 63, 0, 0, 0, 0, 0, 0, 0, 0, 20, 118, 238, 190, 132, 114, 140, 63, 0, 0, 0, 0, 0, 0, 0, 0, 187, 137, 242, 190, 196, 115, 139, 63, 0, 0, 0, 0, 0, 0, 0, 0, 121, 186, 250, 190, 234, 201, 140, 63, 0, 0, 0, 0, 0, 0, 0, 0, 118, 216, 255, 190, 84, 90, 140, 63, 0, 0, 0, 0, 0, 0, 0, 0, 167, 59, 3, 191, 168, 183, 140, 63, 0, 0, 0, 0, 0, 0, 0, 0, 114, 229, 6, 191, 9, 105, 141, 63, 0, 0, 0, 0, 0, 0, 0, 0, 124, 34, 9, 191, 18, 150, 140, 63, 0, 0, 0, 0, 0, 0, 0, 0, 30, 222, 13, 191, 8, 70, 142, 63, 0, 0, 0, 0, 0, 0, 0, 0, 43, 237, 16, 191, 42, 56, 142, 63, 0, 0, 0, 0, 0, 0, 0, 0, 136, 119, 20, 191, 124, 154, 142, 63, 0, 0, 0, 0, 0, 0, 0, 0, 188, 192, 24, 191, 63, 165, 143, 63, 0, 0, 0, 0, 0, 0, 0, 0, 0, 0, 0, 0, 0, 0, 0, 0, 0, 0, 0, 0, 0, 0, 0, 0, 0, 0, 0, 0, 0, 0, 0, 0, 0, 0, 0, 0, 0, 0, 0, 0, 0, 0, 0, 0, 0, 0, 0, 0, 0, 0, 0, 0, 0, 0, 0, 0, 0, 0, 0, 0, 0, 0, 0, 0, 0, 0, 0, 0, 0, 0, 0, 0, 0, 0, 0, 0, 0, 0, 0, 0, 0, 0, 0, 0, 0, 0, 0, 0, 0, 0, 0, 0, 0, 0, 0, 0, 0, 0, 0, 0, 0, 0, 0, 0, 0, 0, 0, 0, 0, 0, 0, 0, 0, 0, 0, 0, 0, 0, 0, 0, 93, 43, 142, 189, 172, 133, 227, 61, 0, 0, 0, 0, 0, 0, 0, 0, 0, 0, 0, 0, 0, 0, 0, 0, 0, 0, 0, 0, 0, 0, 0, 0, 0, 0, 0, 0, 0, 0, 0, 0, 0, 0, 0, 0, 0, 0, 0, 0, 158, 141, 169, 189, 226, 21, 0, 62, 0, 0, 0, 0, 0, 0, 0, 0, 24, 43, 151, 189, 170, 30, 224, 61, 0, 0, 0, 0, 0, 0, 0, 0, 56, 112, 155, 189, 240, 42, 226, 61, 0, 0, 0, 0, 0, 0, 0, 0, 242, 46, 149, 189, 45, 15, 213, 61, 0, 0, 0, 0, 0, 0, 0, 0, 142, 168, 148, 189, 40, 106, 208, 61, 0, 0, 0, 0, 0, 0, 0, 0, 89, 187, 169, 189, 150, 158, 233, 61, 0, 0, 0, 0, 0, 0, 0, 0, 5, 163, 176, 189, 245, 182, 238, 61, 0, 0, 0, 0, 0, 0, 0, 0, 51, 135, 156, 189, 29, 185, 207, 61, 0, 0, 0, 0, 0, 0, 0, 0, 158, 188, 195, 189, 217, 23, 255, 61, 0, 0, 0, 0, 0, 0, 0, 0, 152, 155, 157, 189, 98, 187, 201, 61, 0, 0, 0, 0, 0, 0, 0, 0, 20, 9, 181, 189, 171, 152, 227, 61, 0, 0, 0, 0, 0, 0, 0, 0, 0, 0, 0, 0, 0, 0, 0, 0, 0, 0, 0, 0, 0, 0, 0, 0, 0, 0, 0, 0, 0, 0, 0, 0, 0, 0, 0, 0, 0, 0, 0, 0, 0, 0, 0, 0, 0, 0, 0, 0, 0, 0, 0, 0, 0, 0, 0, 0, 0, 0, 0, 0, 0, 0, 0, 0, 0, 0, 0, 0, 0, 0, 0, 0, 0, 0, 0, 0, 0, 0, 0, 0, 0, 0, 0, 0, 0, 0, 0, 0, 0, 0, 0, 0, 0, 0, 0, 0, 0, 0, 0, 0, 0, 0, 0, 0, 0, 0, 0, 0, 0, 0, 0, 0, 0, 0, 0, 0, 0, 0, 0, 0, 0, 0, 0, 0, 0, 0, 0, 0, 0, 0, 0, 0, 0, 0, 0, 0, 0, 0, 0, 0, 0, 0, 0, 0, 0, 0, 0, 0, 0, 0, 0, 0, 0, 0, 0, 0, 0, 0, 0, 0, 0, 0, 0, 0, 0, 0, 0, 0, 0, 0, 0, 0, 0, 0, 0, 0, 0, 0, 0, 0, 0, 0, 0, 0, 0, 0, 0, 0, 0, 0, 0, 0, 0, 0, 0, 0, 0, 0, 0, 0, 0, 0, 0, 0, 0, 0, 0, 0, 0, 0, 0, 0, 0, 0, 0, 0]
is_dense: True
