abcheader: 
  seq: 38480
  stamp: 
    secs: 1716542469
    nsecs: 280266284
  frame_id: "cloud"
height: 1
width: 541
fields: 
  - 
    name: "x"
    offset: 0
    datatype: 7
    count: 1
  - 
    name: "y"
    offset: 4
    datatype: 7
    count: 1
  - 
    name: "z"
    offset: 8
    datatype: 7
    count: 1
  - 
    name: "intensity"
    offset: 12
    datatype: 7
    count: 1
is_bigendian: False
point_step: 16
row_step: 8656
data: [0, 0, 0, 0, 0, 0, 0, 0, 0, 0, 0, 0, 0, 0, 0, 0, 0, 0, 0, 0, 0, 0, 0, 0, 0, 0, 0, 0, 0, 0, 0, 0, 0, 0, 0, 0, 0, 0, 0, 0, 0, 0, 0, 0, 0, 0, 0, 0, 0, 0, 0, 0, 0, 0, 0, 0, 0, 0, 0, 0, 0, 0, 0, 0, 0, 0, 0, 0, 0, 0, 0, 0, 0, 0, 0, 0, 0, 0, 0, 0, 0, 0, 0, 0, 0, 0, 0, 0, 0, 0, 0, 0, 0, 0, 0, 0, 0, 0, 0, 0, 0, 0, 0, 0, 0, 0, 0, 0, 0, 0, 0, 0, 0, 0, 0, 0, 0, 0, 0, 0, 0, 0, 0, 0, 0, 0, 0, 0, 0, 0, 0, 0, 0, 0, 0, 0, 0, 0, 0, 0, 0, 0, 0, 0, 0, 0, 0, 0, 0, 0, 0, 0, 0, 0, 0, 0, 0, 0, 0, 0, 0, 0, 0, 0, 0, 0, 0, 0, 0, 0, 0, 0, 0, 0, 0, 0, 112, 39, 181, 191, 113, 194, 219, 191, 0, 0, 0, 0, 0, 0, 0, 0, 18, 122, 174, 191, 135, 118, 215, 191, 0, 0, 0, 0, 0, 0, 0, 0, 155, 180, 173, 191, 57, 97, 218, 191, 0, 0, 0, 0, 0, 0, 0, 0, 69, 184, 168, 191, 28, 244, 215, 191, 0, 0, 0, 0, 0, 0, 0, 0, 117, 112, 166, 191, 240, 232, 216, 191, 0, 0, 0, 0, 0, 0, 0, 0, 46, 118, 163, 191, 69, 236, 216, 191, 0, 0, 0, 0, 0, 0, 0, 0, 14, 244, 160, 191, 152, 132, 217, 191, 0, 0, 0, 0, 0, 0, 0, 0, 155, 158, 157, 191, 90, 242, 216, 191, 0, 0, 0, 0, 0, 0, 0, 0, 246, 135, 154, 191, 134, 165, 216, 191, 0, 0, 0, 0, 0, 0, 0, 0, 28, 12, 152, 191, 230, 37, 217, 191, 0, 0, 0, 0, 0, 0, 0, 0, 84, 178, 148, 191, 90, 91, 216, 191, 0, 0, 0, 0, 0, 0, 0, 0, 116, 114, 147, 191, 236, 153, 218, 191, 0, 0, 0, 0, 0, 0, 0, 0, 89, 160, 143, 191, 105, 255, 216, 191, 0, 0, 0, 0, 0, 0, 0, 0, 243, 96, 141, 191, 191, 180, 217, 191, 0, 0, 0, 0, 0, 0, 0, 0, 157, 103, 139, 191, 213, 210, 218, 191, 0, 0, 0, 0, 0, 0, 0, 0, 219, 3, 137, 191, 152, 69, 219, 191, 0, 0, 0, 0, 0, 0, 0, 0, 63, 194, 133, 191, 194, 70, 218, 191, 0, 0, 0, 0, 0, 0, 0, 0, 9, 102, 130, 191, 132, 5, 217, 191, 0, 0, 0, 0, 0, 0, 0, 0, 144, 204, 129, 191, 100, 91, 220, 191, 0, 0, 0, 0, 0, 0, 0, 0, 103, 34, 123, 191, 155, 125, 217, 191, 0, 0, 0, 0, 0, 0, 0, 0, 230, 176, 13, 191, 175, 112, 122, 191, 0, 0, 0, 0, 0, 0, 0, 0, 231, 52, 250, 190, 191, 177, 97, 191, 0, 0, 0, 0, 0, 0, 0, 0, 72, 175, 238, 190, 155, 205, 91, 191, 0, 0, 0, 0, 0, 0, 0, 0, 109, 175, 238, 190, 233, 115, 96, 191, 0, 0, 0, 0, 0, 0, 0, 0, 211, 231, 240, 190, 191, 99, 103, 191, 0, 0, 0, 0, 0, 0, 0, 0, 199, 93, 243, 190, 150, 209, 110, 191, 0, 0, 0, 0, 0, 0, 0, 0, 119, 230, 244, 190, 92, 153, 117, 191, 0, 0, 0, 0, 0, 0, 0, 0, 145, 227, 246, 190, 208, 25, 125, 191, 0, 0, 0, 0, 0, 0, 0, 0, 116, 27, 245, 190, 121, 120, 128, 191, 0, 0, 0, 0, 0, 0, 0, 0, 134, 185, 244, 190, 95, 52, 131, 191, 0, 0, 0, 0, 0, 0, 0, 0, 75, 122, 249, 190, 191, 219, 136, 191, 0, 0, 0, 0, 0, 0, 0, 0, 160, 133, 250, 190, 237, 171, 140, 191, 0, 0, 0, 0, 0, 0, 0, 0, 17, 217, 247, 190, 7, 129, 142, 191, 0, 0, 0, 0, 0, 0, 0, 0, 36, 68, 250, 190, 24, 102, 147, 191, 0, 0, 0, 0, 0, 0, 0, 0, 209, 76, 255, 190, 170, 22, 154, 191, 0, 0, 0, 0, 0, 0, 0, 0, 154, 54, 252, 190, 84, 16, 156, 191, 0, 0, 0, 0, 0, 0, 0, 0, 208, 0, 243, 190, 232, 57, 154, 191, 0, 0, 0, 0, 0, 0, 0, 0, 163, 104, 235, 190, 6, 81, 153, 191, 0, 0, 0, 0, 0, 0, 0, 0, 86, 215, 231, 190, 238, 5, 155, 191, 0, 0, 0, 0, 0, 0, 0, 0, 6, 37, 224, 190, 156, 245, 153, 191, 0, 0, 0, 0, 0, 0, 0, 0, 141, 13, 217, 190, 104, 60, 153, 191, 0, 0, 0, 0, 0, 0, 0, 0, 112, 7, 211, 190, 52, 56, 153, 191, 0, 0, 0, 0, 0, 0, 0, 0, 148, 82, 206, 190, 222, 40, 154, 191, 0, 0, 0, 0, 0, 0, 0, 0, 133, 104, 201, 190, 22, 248, 154, 191, 0, 0, 0, 0, 0, 0, 0, 0, 82, 56, 193, 190, 138, 52, 153, 191, 0, 0, 0, 0, 0, 0, 0, 0, 57, 50, 148, 190, 184, 93, 114, 191, 0, 0, 0, 0, 0, 0, 0, 0, 104, 147, 154, 190, 1, 118, 130, 191, 0, 0, 0, 0, 0, 0, 0, 0, 230, 34, 175, 190, 210, 177, 152, 191, 0, 0, 0, 0, 0, 0, 0, 0, 165, 99, 169, 190, 106, 179, 152, 191, 0, 0, 0, 0, 0, 0, 0, 0, 202, 134, 130, 190, 106, 145, 115, 191, 0, 0, 0, 0, 0, 0, 0, 0, 241, 153, 154, 190, 124, 115, 149, 191, 0, 0, 0, 0, 0, 0, 0, 0, 88, 119, 153, 190, 153, 225, 153, 191, 0, 0, 0, 0, 0, 0, 0, 0, 193, 72, 149, 190, 111, 116, 155, 191, 0, 0, 0, 0, 0, 0, 0, 0, 182, 129, 143, 190, 130, 102, 155, 191, 0, 0, 0, 0, 0, 0, 0, 0, 79, 18, 140, 190, 251, 244, 157, 191, 0, 0, 0, 0, 0, 0, 0, 0, 43, 119, 131, 190, 42, 160, 154, 191, 0, 0, 0, 0, 0, 0, 0, 0, 152, 84, 124, 190, 49, 8, 155, 191, 0, 0, 0, 0, 0, 0, 0, 0, 103, 77, 113, 190, 249, 44, 155, 191, 0, 0, 0, 0, 0, 0, 0, 0, 82, 213, 102, 190, 74, 175, 155, 191, 0, 0, 0, 0, 0, 0, 0, 0, 157, 62, 91, 190, 38, 109, 155, 191, 0, 0, 0, 0, 0, 0, 0, 0, 170, 181, 79, 190, 149, 39, 155, 191, 0, 0, 0, 0, 0, 0, 0, 0, 189, 222, 68, 190, 18, 96, 155, 191, 0, 0, 0, 0, 0, 0, 0, 0, 230, 165, 61, 190, 83, 159, 158, 191, 0, 0, 0, 0, 0, 0, 0, 0, 205, 145, 49, 190, 152, 239, 157, 191, 0, 0, 0, 0, 0, 0, 0, 0, 7, 83, 33, 190, 159, 44, 153, 191, 0, 0, 0, 0, 0, 0, 0, 0, 124, 212, 252, 189, 145, 178, 128, 191, 0, 0, 0, 0, 0, 0, 0, 0, 78, 106, 240, 189, 254, 225, 131, 191, 0, 0, 0, 0, 0, 0, 0, 0, 52, 204, 2, 190, 37, 143, 155, 191, 0, 0, 0, 0, 0, 0, 0, 0, 219, 216, 240, 189, 62, 85, 156, 191, 0, 0, 0, 0, 0, 0, 0, 0, 187, 194, 217, 189, 216, 144, 155, 191, 0, 0, 0, 0, 0, 0, 0, 0, 68, 154, 198, 189, 103, 184, 157, 191, 0, 0, 0, 0, 0, 0, 0, 0, 139, 0, 178, 189, 122, 25, 159, 191, 0, 0, 0, 0, 0, 0, 0, 0, 237, 71, 154, 189, 76, 168, 157, 191, 0, 0, 0, 0, 0, 0, 0, 0, 235, 176, 132, 189, 49, 63, 158, 191, 0, 0, 0, 0, 0, 0, 0, 0, 99, 165, 92, 189, 247, 237, 157, 191, 0, 0, 0, 0, 0, 0, 0, 0, 205, 27, 50, 189, 15, 100, 159, 191, 0, 0, 0, 0, 0, 0, 0, 0, 86, 32, 3, 189, 136, 125, 156, 191, 0, 0, 0, 0, 0, 0, 0, 0, 243, 215, 174, 188, 42, 133, 156, 191, 0, 0, 0, 0, 0, 0, 0, 0, 155, 69, 48, 188, 104, 209, 157, 191, 0, 0, 0, 0, 0, 0, 0, 0, 228, 36, 127, 53, 35, 219, 153, 191, 0, 0, 0, 0, 0, 0, 0, 0, 246, 185, 41, 60, 35, 238, 151, 191, 0, 0, 0, 0, 0, 0, 0, 0, 109, 180, 160, 60, 160, 217, 143, 191, 0, 0, 0, 0, 0, 0, 0, 0, 119, 44, 231, 60, 205, 239, 137, 191, 0, 0, 0, 0, 0, 0, 0, 0, 130, 26, 30, 61, 85, 123, 141, 191, 0, 0, 0, 0, 0, 0, 0, 0, 71, 47, 83, 61, 233, 38, 151, 191, 0, 0, 0, 0, 0, 0, 0, 0, 153, 168, 130, 61, 116, 209, 155, 191, 0, 0, 0, 0, 0, 0, 0, 0, 226, 40, 153, 61, 238, 129, 156, 191, 0, 0, 0, 0, 0, 0, 0, 0, 214, 147, 175, 61, 198, 237, 156, 191, 0, 0, 0, 0, 0, 0, 0, 0, 129, 13, 200, 61, 102, 222, 158, 191, 0, 0, 0, 0, 0, 0, 0, 0, 71, 76, 223, 61, 199, 132, 159, 191, 0, 0, 0, 0, 0, 0, 0, 0, 97, 98, 244, 61, 88, 160, 158, 191, 0, 0, 0, 0, 0, 0, 0, 0, 83, 195, 3, 62, 112, 180, 156, 191, 0, 0, 0, 0, 0, 0, 0, 0, 254, 237, 14, 62, 58, 207, 156, 191, 0, 0, 0, 0, 0, 0, 0, 0, 141, 30, 27, 62, 6, 235, 157, 191, 0, 0, 0, 0, 0, 0, 0, 0, 242, 170, 36, 62, 206, 88, 156, 191, 0, 0, 0, 0, 0, 0, 0, 0, 186, 72, 50, 62, 212, 145, 158, 191, 0, 0, 0, 0, 0, 0, 0, 0, 114, 213, 59, 62, 107, 26, 157, 191, 0, 0, 0, 0, 0, 0, 0, 0, 105, 19, 72, 62, 90, 231, 157, 191, 0, 0, 0, 0, 0, 0, 0, 0, 208, 120, 86, 62, 81, 52, 160, 191, 0, 0, 0, 0, 0, 0, 0, 0, 233, 0, 98, 62, 103, 55, 160, 191, 0, 0, 0, 0, 0, 0, 0, 0, 104, 162, 105, 62, 145, 146, 157, 191, 0, 0, 0, 0, 0, 0, 0, 0, 50, 60, 116, 62, 116, 15, 157, 191, 0, 0, 0, 0, 0, 0, 0, 0, 93, 32, 129, 62, 96, 171, 158, 191, 0, 0, 0, 0, 0, 0, 0, 0, 51, 234, 133, 62, 88, 129, 157, 191, 0, 0, 0, 0, 0, 0, 0, 0, 240, 46, 140, 62, 246, 20, 158, 191, 0, 0, 0, 0, 0, 0, 0, 0, 98, 226, 147, 62, 195, 35, 160, 191, 0, 0, 0, 0, 0, 0, 0, 0, 37, 28, 153, 62, 5, 112, 159, 191, 0, 0, 0, 0, 0, 0, 0, 0, 226, 39, 160, 62, 126, 150, 160, 191, 0, 0, 0, 0, 0, 0, 0, 0, 130, 55, 164, 62, 202, 190, 158, 191, 0, 0, 0, 0, 0, 0, 0, 0, 55, 38, 170, 62, 123, 192, 158, 191, 0, 0, 0, 0, 0, 0, 0, 0, 81, 129, 176, 62, 93, 29, 159, 191, 0, 0, 0, 0, 0, 0, 0, 0, 216, 154, 183, 62, 185, 19, 160, 191, 0, 0, 0, 0, 0, 0, 0, 0, 232, 42, 188, 62, 176, 207, 158, 191, 0, 0, 0, 0, 0, 0, 0, 0, 224, 141, 193, 62, 183, 69, 158, 191, 0, 0, 0, 0, 0, 0, 0, 0, 252, 77, 202, 62, 89, 104, 160, 191, 0, 0, 0, 0, 0, 0, 0, 0, 111, 41, 209, 62, 29, 239, 160, 191, 0, 0, 0, 0, 0, 0, 0, 0, 231, 155, 214, 62, 168, 89, 160, 191, 0, 0, 0, 0, 0, 0, 0, 0, 86, 221, 219, 62, 68, 162, 159, 191, 0, 0, 0, 0, 0, 0, 0, 0, 52, 35, 227, 62, 206, 90, 160, 191, 0, 0, 0, 0, 0, 0, 0, 0, 231, 185, 232, 62, 99, 218, 159, 191, 0, 0, 0, 0, 0, 0, 0, 0, 42, 30, 238, 62, 41, 56, 159, 191, 0, 0, 0, 0, 0, 0, 0, 0, 143, 8, 244, 62, 205, 238, 158, 191, 0, 0, 0, 0, 0, 0, 0, 0, 29, 35, 253, 62, 60, 168, 160, 191, 0, 0, 0, 0, 0, 0, 0, 0, 59, 143, 1, 63, 13, 86, 160, 191, 0, 0, 0, 0, 0, 0, 0, 0, 48, 40, 4, 63, 58, 135, 159, 191, 0, 0, 0, 0, 0, 0, 0, 0, 251, 162, 8, 63, 211, 242, 160, 191, 0, 0, 0, 0, 0, 0, 0, 0, 59, 8, 11, 63, 112, 224, 159, 191, 0, 0, 0, 0, 0, 0, 0, 0, 51, 209, 13, 63, 148, 67, 159, 191, 0, 0, 0, 0, 0, 0, 0, 0, 106, 101, 18, 63, 133, 158, 160, 191, 0, 0, 0, 0, 0, 0, 0, 0, 190, 1, 24, 63, 147, 253, 162, 191, 0, 0, 0, 0, 0, 0, 0, 0, 1, 136, 24, 63, 26, 229, 159, 191, 0, 0, 0, 0, 0, 0, 0, 0, 10, 86, 29, 63, 76, 75, 161, 191, 0, 0, 0, 0, 0, 0, 0, 0, 174, 234, 31, 63, 85, 95, 160, 191, 0, 0, 0, 0, 0, 0, 0, 0, 237, 133, 35, 63, 133, 119, 160, 191, 0, 0, 0, 0, 0, 0, 0, 0, 98, 67, 39, 63, 211, 167, 160, 191, 0, 0, 0, 0, 0, 0, 0, 0, 219, 107, 42, 63, 58, 66, 160, 191, 0, 0, 0, 0, 0, 0, 0, 0, 227, 65, 43, 63, 141, 181, 157, 191, 0, 0, 0, 0, 0, 0, 0, 0, 161, 32, 46, 63, 98, 17, 157, 191, 0, 0, 0, 0, 0, 0, 0, 0, 119, 246, 45, 63, 101, 189, 153, 191, 0, 0, 0, 0, 0, 0, 0, 0, 117, 26, 47, 63, 12, 165, 151, 191, 0, 0, 0, 0, 0, 0, 0, 0, 148, 103, 47, 63, 196, 227, 148, 191, 0, 0, 0, 0, 0, 0, 0, 0, 18, 241, 48, 63, 177, 61, 147, 191, 0, 0, 0, 0, 0, 0, 0, 0, 18, 196, 49, 63, 103, 11, 145, 191, 0, 0, 0, 0, 0, 0, 0, 0, 139, 182, 49, 63, 112, 51, 142, 191, 0, 0, 0, 0, 0, 0, 0, 0, 249, 31, 50, 63, 0, 205, 139, 191, 0, 0, 0, 0, 0, 0, 0, 0, 160, 77, 51, 63, 86, 13, 138, 191, 0, 0, 0, 0, 0, 0, 0, 0, 23, 189, 50, 63, 229, 5, 135, 191, 0, 0, 0, 0, 0, 0, 0, 0, 115, 130, 49, 63, 198, 149, 131, 191, 0, 0, 0, 0, 0, 0, 0, 0, 22, 234, 49, 63, 39, 111, 129, 191, 0, 0, 0, 0, 0, 0, 0, 0, 241, 253, 50, 63, 217, 160, 127, 191, 0, 0, 0, 0, 0, 0, 0, 0, 87, 41, 48, 63, 116, 248, 118, 191, 0, 0, 0, 0, 0, 0, 0, 0, 36, 206, 48, 63, 77, 90, 115, 191, 0, 0, 0, 0, 0, 0, 0, 0, 4, 97, 51, 63, 255, 106, 114, 191, 0, 0, 0, 0, 0, 0, 0, 0, 189, 104, 52, 63, 133, 105, 111, 191, 0, 0, 0, 0, 0, 0, 0, 0, 239, 85, 54, 63, 41, 160, 109, 191, 0, 0, 0, 0, 0, 0, 0, 0, 139, 51, 80, 63, 80, 62, 133, 191, 0, 0, 0, 0, 0, 0, 0, 0, 70, 205, 101, 63, 113, 115, 144, 191, 0, 0, 0, 0, 0, 0, 0, 0, 152, 94, 112, 63, 161, 106, 148, 191, 0, 0, 0, 0, 0, 0, 0, 0, 182, 184, 128, 63, 6, 39, 156, 191, 0, 0, 0, 0, 0, 0, 0, 0, 77, 20, 130, 63, 240, 5, 155, 191, 0, 0, 0, 0, 0, 0, 0, 0, 195, 46, 129, 63, 17, 65, 151, 191, 0, 0, 0, 0, 0, 0, 0, 0, 23, 22, 123, 63, 232, 107, 144, 191, 0, 0, 0, 0, 0, 0, 0, 0, 221, 54, 113, 63, 124, 82, 136, 191, 0, 0, 0, 0, 0, 0, 0, 0, 140, 232, 102, 63, 182, 57, 128, 191, 0, 0, 0, 0, 0, 0, 0, 0, 200, 115, 95, 63, 65, 219, 115, 191, 0, 0, 0, 0, 0, 0, 0, 0, 43, 65, 94, 63, 2, 87, 110, 191, 0, 0, 0, 0, 0, 0, 0, 0, 141, 84, 93, 63, 6, 60, 105, 191, 0, 0, 0, 0, 0, 0, 0, 0, 119, 23, 99, 63, 77, 41, 107, 191, 0, 0, 0, 0, 0, 0, 0, 0, 147, 178, 106, 63, 189, 212, 110, 191, 0, 0, 0, 0, 0, 0, 0, 0, 148, 186, 118, 63, 219, 186, 118, 191, 0, 0, 0, 0, 0, 0, 0, 0, 69, 143, 153, 63, 62, 231, 150, 191, 0, 0, 0, 0, 0, 0, 0, 0, 192, 208, 243, 63, 105, 115, 235, 191, 0, 0, 0, 0, 0, 0, 0, 0, 249, 212, 248, 63, 57, 34, 236, 191, 0, 0, 0, 0, 0, 0, 0, 0, 217, 40, 254, 63, 53, 2, 237, 191, 0, 0, 0, 0, 0, 0, 0, 0, 41, 64, 0, 64, 133, 10, 235, 191, 0, 0, 0, 0, 0, 0, 0, 0, 1, 81, 3, 64, 7, 122, 236, 191, 0, 0, 0, 0, 0, 0, 0, 0, 207, 236, 5, 64, 134, 249, 236, 191, 0, 0, 0, 0, 0, 0, 0, 0, 64, 140, 8, 64, 68, 102, 237, 191, 0, 0, 0, 0, 0, 0, 0, 0, 14, 54, 10, 64, 132, 22, 236, 191, 0, 0, 0, 0, 0, 0, 0, 0, 209, 7, 14, 64, 69, 91, 238, 191, 0, 0, 0, 0, 0, 0, 0, 0, 39, 203, 16, 64, 221, 183, 238, 191, 0, 0, 0, 0, 0, 0, 0, 0, 250, 5, 19, 64, 133, 29, 238, 191, 0, 0, 0, 0, 0, 0, 0, 0, 150, 2, 22, 64, 216, 165, 238, 191, 0, 0, 0, 0, 0, 0, 0, 0, 50, 117, 24, 64, 38, 58, 238, 191, 0, 0, 0, 0, 0, 0, 0, 0, 188, 159, 27, 64, 118, 212, 238, 191, 0, 0, 0, 0, 0, 0, 0, 0, 15, 29, 31, 64, 97, 205, 239, 191, 0, 0, 0, 0, 0, 0, 0, 0, 41, 231, 33, 64, 211, 154, 239, 191, 0, 0, 0, 0, 0, 0, 0, 0, 232, 232, 36, 64, 3, 161, 239, 191, 0, 0, 0, 0, 0, 0, 0, 0, 58, 155, 40, 64, 81, 136, 240, 191, 0, 0, 0, 0, 0, 0, 0, 0, 186, 84, 42, 64, 250, 136, 238, 191, 0, 0, 0, 0, 0, 0, 0, 0, 94, 51, 40, 64, 3, 52, 231, 191, 0, 0, 0, 0, 0, 0, 0, 0, 124, 63, 40, 64, 105, 248, 226, 191, 0, 0, 0, 0, 0, 0, 0, 0, 108, 151, 40, 64, 112, 45, 223, 191, 0, 0, 0, 0, 0, 0, 0, 0, 122, 165, 40, 64, 154, 10, 219, 191, 0, 0, 0, 0, 0, 0, 0, 0, 174, 242, 40, 64, 174, 67, 215, 191, 0, 0, 0, 0, 0, 0, 0, 0, 234, 161, 40, 64, 87, 191, 210, 191, 0, 0, 0, 0, 0, 0, 0, 0, 41, 172, 40, 64, 229, 185, 206, 191, 0, 0, 0, 0, 0, 0, 0, 0, 59, 144, 37, 64, 63, 246, 198, 191, 0, 0, 0, 0, 0, 0, 0, 0, 25, 136, 241, 63, 12, 70, 142, 191, 0, 0, 0, 0, 0, 0, 0, 0, 199, 199, 235, 63, 226, 32, 136, 191, 0, 0, 0, 0, 0, 0, 0, 0, 79, 102, 235, 63, 236, 46, 133, 191, 0, 0, 0, 0, 0, 0, 0, 0, 167, 223, 234, 63, 114, 49, 130, 191, 0, 0, 0, 0, 0, 0, 0, 0, 67, 80, 234, 63, 225, 113, 126, 191, 0, 0, 0, 0, 0, 0, 0, 0, 100, 182, 226, 63, 101, 23, 113, 191, 0, 0, 0, 0, 0, 0, 0, 0, 44, 124, 225, 63, 222, 194, 106, 191, 0, 0, 0, 0, 0, 0, 0, 0, 79, 20, 223, 63, 136, 84, 99, 191, 0, 0, 0, 0, 0, 0, 0, 0, 16, 16, 224, 63, 153, 109, 95, 191, 0, 0, 0, 0, 0, 0, 0, 0, 40, 184, 225, 63, 176, 46, 92, 191, 0, 0, 0, 0, 0, 0, 0, 0, 30, 85, 232, 63, 133, 162, 93, 191, 0, 0, 0, 0, 0, 0, 0, 0, 98, 153, 240, 63, 50, 99, 96, 191, 0, 0, 0, 0, 0, 0, 0, 0, 84, 61, 239, 63, 120, 14, 90, 191, 0, 0, 0, 0, 0, 0, 0, 0, 185, 179, 241, 63, 243, 57, 87, 191, 0, 0, 0, 0, 0, 0, 0, 0, 236, 251, 242, 63, 84, 78, 83, 191, 0, 0, 0, 0, 0, 0, 0, 0, 149, 229, 243, 63, 158, 14, 79, 191, 0, 0, 0, 0, 0, 0, 0, 0, 222, 174, 246, 63, 37, 92, 76, 191, 0, 0, 0, 0, 0, 0, 0, 0, 159, 49, 252, 63, 110, 201, 75, 191, 0, 0, 0, 0, 0, 0, 0, 0, 16, 86, 255, 63, 2, 41, 73, 191, 0, 0, 0, 0, 0, 0, 0, 0, 251, 30, 5, 64, 12, 103, 76, 191, 0, 0, 0, 0, 0, 0, 0, 0, 108, 80, 14, 64, 95, 214, 84, 191, 0, 0, 0, 0, 0, 0, 0, 0, 193, 214, 25, 64, 228, 248, 95, 191, 0, 0, 0, 0, 0, 0, 0, 0, 40, 114, 78, 64, 164, 54, 146, 191, 0, 0, 0, 0, 0, 0, 0, 0, 120, 134, 82, 64, 232, 250, 144, 191, 0, 0, 0, 0, 0, 0, 0, 0, 81, 132, 85, 64, 94, 226, 142, 191, 0, 0, 0, 0, 0, 0, 0, 0, 92, 29, 89, 64, 40, 23, 141, 191, 0, 0, 0, 0, 0, 0, 0, 0, 24, 205, 23, 64, 180, 115, 63, 191, 0, 0, 0, 0, 0, 0, 0, 0, 211, 191, 7, 64, 10, 3, 38, 191, 0, 0, 0, 0, 0, 0, 0, 0, 80, 113, 3, 64, 194, 189, 27, 191, 0, 0, 0, 0, 0, 0, 0, 0, 133, 234, 2, 64, 196, 40, 22, 191, 0, 0, 0, 0, 0, 0, 0, 0, 160, 228, 205, 64, 240, 101, 228, 191, 0, 0, 0, 0, 0, 0, 0, 0, 101, 243, 205, 64, 30, 189, 220, 191, 0, 0, 0, 0, 0, 0, 0, 0, 190, 126, 205, 64, 117, 148, 212, 191, 0, 0, 0, 0, 0, 0, 0, 0, 204, 90, 206, 64, 37, 205, 205, 191, 0, 0, 0, 0, 0, 0, 0, 0, 123, 28, 206, 64, 223, 238, 197, 191, 0, 0, 0, 0, 0, 0, 0, 0, 77, 9, 206, 64, 50, 69, 190, 191, 0, 0, 0, 0, 0, 0, 0, 0, 144, 97, 206, 64, 6, 4, 183, 191, 0, 0, 0, 0, 0, 0, 0, 0, 145, 77, 206, 64, 213, 103, 175, 191, 0, 0, 0, 0, 0, 0, 0, 0, 56, 85, 206, 64, 190, 234, 167, 191, 0, 0, 0, 0, 0, 0, 0, 0, 179, 120, 206, 64, 142, 137, 160, 191, 0, 0, 0, 0, 0, 0, 0, 0, 176, 111, 206, 64, 79, 11, 153, 191, 0, 0, 0, 0, 0, 0, 0, 0, 87, 98, 206, 64, 211, 144, 145, 191, 0, 0, 0, 0, 0, 0, 0, 0, 192, 88, 206, 64, 172, 31, 138, 191, 0, 0, 0, 0, 0, 0, 0, 0, 38, 99, 206, 64, 105, 193, 130, 191, 0, 0, 0, 0, 0, 0, 0, 0, 96, 186, 206, 64, 27, 43, 119, 191, 0, 0, 0, 0, 0, 0, 0, 0, 39, 237, 206, 64, 211, 167, 104, 191, 0, 0, 0, 0, 0, 0, 0, 0, 33, 235, 206, 64, 243, 238, 89, 191, 0, 0, 0, 0, 0, 0, 0, 0, 215, 29, 207, 64, 205, 114, 75, 191, 0, 0, 0, 0, 0, 0, 0, 0, 53, 201, 23, 64, 67, 90, 138, 190, 0, 0, 0, 0, 0, 0, 0, 0, 227, 135, 22, 64, 143, 37, 125, 190, 0, 0, 0, 0, 0, 0, 0, 0, 168, 94, 20, 64, 1, 150, 100, 190, 0, 0, 0, 0, 0, 0, 0, 0, 171, 48, 21, 64, 203, 215, 80, 190, 0, 0, 0, 0, 0, 0, 0, 0, 10, 11, 21, 64, 217, 174, 59, 190, 0, 0, 0, 0, 0, 0, 0, 0, 75, 41, 22, 64, 56, 2, 40, 190, 0, 0, 0, 0, 0, 0, 0, 0, 87, 90, 21, 64, 46, 41, 18, 190, 0, 0, 0, 0, 0, 0, 0, 0, 249, 245, 22, 64, 43, 45, 253, 189, 0, 0, 0, 0, 0, 0, 0, 0, 45, 6, 23, 64, 216, 2, 211, 189, 0, 0, 0, 0, 0, 0, 0, 0, 15, 3, 23, 64, 28, 194, 168, 189, 0, 0, 0, 0, 0, 0, 0, 0, 129, 224, 20, 64, 156, 132, 121, 189, 0, 0, 0, 0, 0, 0, 0, 0, 215, 43, 8, 64, 87, 34, 24, 189, 0, 0, 0, 0, 0, 0, 0, 0, 207, 4, 9, 64, 90, 21, 153, 188, 0, 0, 0, 0, 0, 0, 0, 0, 56, 137, 17, 64, 183, 43, 116, 182, 0, 0, 0, 0, 0, 0, 0, 0, 61, 199, 22, 64, 243, 100, 168, 60, 0, 0, 0, 0, 0, 0, 0, 0, 151, 227, 22, 64, 219, 139, 40, 61, 0, 0, 0, 0, 0, 0, 0, 0, 213, 72, 22, 64, 163, 216, 123, 61, 0, 0, 0, 0, 0, 0, 0, 0, 117, 13, 22, 64, 181, 171, 167, 61, 0, 0, 0, 0, 0, 0, 0, 0, 248, 108, 21, 64, 45, 195, 208, 61, 0, 0, 0, 0, 0, 0, 0, 0, 203, 70, 20, 64, 205, 168, 248, 61, 0, 0, 0, 0, 0, 0, 0, 0, 231, 192, 16, 64, 255, 166, 13, 62, 0, 0, 0, 0, 0, 0, 0, 0, 80, 68, 18, 64, 210, 164, 35, 62, 0, 0, 0, 0, 0, 0, 0, 0, 12, 229, 19, 64, 176, 58, 58, 62, 0, 0, 0, 0, 0, 0, 0, 0, 43, 161, 27, 64, 97, 217, 89, 62, 0, 0, 0, 0, 0, 0, 0, 0, 197, 226, 93, 64, 37, 235, 170, 62, 0, 0, 0, 0, 0, 0, 0, 0, 72, 102, 91, 64, 202, 121, 184, 62, 0, 0, 0, 0, 0, 0, 0, 0, 228, 58, 86, 64, 194, 67, 195, 62, 0, 0, 0, 0, 0, 0, 0, 0, 54, 72, 60, 64, 81, 241, 184, 62, 0, 0, 0, 0, 0, 0, 0, 0, 218, 1, 64, 64, 47, 57, 202, 62, 0, 0, 0, 0, 0, 0, 0, 0, 239, 85, 63, 64, 15, 31, 215, 62, 0, 0, 0, 0, 0, 0, 0, 0, 136, 4, 62, 64, 38, 47, 227, 62, 0, 0, 0, 0, 0, 0, 0, 0, 131, 52, 62, 64, 115, 0, 241, 62, 0, 0, 0, 0, 0, 0, 0, 0, 144, 158, 61, 64, 70, 217, 253, 62, 0, 0, 0, 0, 0, 0, 0, 0, 73, 106, 63, 64, 96, 1, 7, 63, 0, 0, 0, 0, 0, 0, 0, 0, 181, 243, 66, 64, 13, 135, 16, 63, 0, 0, 0, 0, 0, 0, 0, 0, 59, 134, 70, 64, 6, 91, 26, 63, 0, 0, 0, 0, 0, 0, 0, 0, 186, 81, 74, 64, 221, 165, 36, 63, 0, 0, 0, 0, 0, 0, 0, 0, 72, 133, 77, 64, 213, 188, 46, 63, 0, 0, 0, 0, 0, 0, 0, 0, 47, 97, 84, 64, 14, 85, 60, 63, 0, 0, 0, 0, 0, 0, 0, 0, 38, 109, 71, 64, 214, 41, 56, 63, 0, 0, 0, 0, 0, 0, 0, 0, 210, 159, 60, 64, 47, 35, 53, 63, 0, 0, 0, 0, 0, 0, 0, 0, 58, 249, 59, 64, 138, 119, 59, 63, 0, 0, 0, 0, 0, 0, 0, 0, 45, 61, 60, 64, 240, 185, 66, 63, 0, 0, 0, 0, 0, 0, 0, 0, 195, 190, 59, 64, 45, 57, 73, 63, 0, 0, 0, 0, 0, 0, 0, 0, 102, 198, 51, 64, 62, 108, 71, 63, 0, 0, 0, 0, 0, 0, 0, 0, 28, 7, 43, 64, 29, 42, 68, 63, 0, 0, 0, 0, 0, 0, 0, 0, 33, 150, 39, 64, 117, 144, 70, 63, 0, 0, 0, 0, 0, 0, 0, 0, 227, 110, 37, 64, 145, 79, 74, 63, 0, 0, 0, 0, 0, 0, 0, 0, 9, 221, 36, 64, 127, 236, 79, 63, 0, 0, 0, 0, 0, 0, 0, 0, 189, 156, 35, 64, 106, 164, 84, 63, 0, 0, 0, 0, 0, 0, 0, 0, 235, 51, 35, 64, 43, 109, 90, 63, 0, 0, 0, 0, 0, 0, 0, 0, 121, 192, 33, 64, 9, 200, 94, 63, 0, 0, 0, 0, 0, 0, 0, 0, 8, 190, 33, 64, 74, 26, 101, 63, 0, 0, 0, 0, 0, 0, 0, 0, 165, 4, 34, 64, 197, 224, 107, 63, 0, 0, 0, 0, 0, 0, 0, 0, 94, 173, 33, 64, 28, 203, 113, 63, 0, 0, 0, 0, 0, 0, 0, 0, 113, 178, 34, 64, 34, 208, 121, 63, 0, 0, 0, 0, 0, 0, 0, 0, 180, 116, 35, 64, 253, 197, 128, 63, 0, 0, 0, 0, 0, 0, 0, 0, 25, 82, 37, 64, 84, 150, 133, 63, 0, 0, 0, 0, 0, 0, 0, 0, 50, 220, 38, 64, 27, 59, 138, 63, 0, 0, 0, 0, 0, 0, 0, 0, 21, 49, 38, 64, 125, 22, 141, 63, 0, 0, 0, 0, 0, 0, 0, 0, 115, 235, 38, 64, 45, 40, 145, 63, 0, 0, 0, 0, 0, 0, 0, 0, 39, 7, 41, 64, 248, 130, 150, 63, 0, 0, 0, 0, 0, 0, 0, 0, 5, 61, 41, 64, 140, 64, 154, 63, 0, 0, 0, 0, 0, 0, 0, 0, 80, 236, 43, 64, 103, 86, 160, 63, 0, 0, 0, 0, 0, 0, 0, 0, 169, 163, 42, 64, 235, 199, 162, 63, 0, 0, 0, 0, 0, 0, 0, 0, 84, 41, 39, 64, 64, 15, 163, 63, 0, 0, 0, 0, 0, 0, 0, 0, 156, 193, 37, 64, 22, 73, 165, 63, 0, 0, 0, 0, 0, 0, 0, 0, 202, 102, 36, 64, 111, 136, 167, 63, 0, 0, 0, 0, 0, 0, 0, 0, 80, 30, 36, 64, 99, 222, 170, 63, 0, 0, 0, 0, 0, 0, 0, 0, 216, 15, 37, 64, 131, 135, 175, 63, 0, 0, 0, 0, 0, 0, 0, 0, 165, 3, 41, 64, 173, 136, 183, 63, 0, 0, 0, 0, 0, 0, 0, 0, 191, 84, 49, 64, 126, 151, 196, 63, 0, 0, 0, 0, 0, 0, 0, 0, 128, 87, 64, 64, 143, 164, 217, 63, 0, 0, 0, 0, 0, 0, 0, 0, 22, 141, 63, 64, 249, 46, 221, 63, 0, 0, 0, 0, 0, 0, 0, 0, 240, 135, 61, 64, 173, 72, 223, 63, 0, 0, 0, 0, 0, 0, 0, 0, 177, 207, 61, 64, 126, 25, 228, 63, 0, 0, 0, 0, 0, 0, 0, 0, 157, 55, 166, 63, 42, 183, 75, 63, 0, 0, 0, 0, 0, 0, 0, 0, 48, 36, 154, 63, 199, 162, 64, 63, 0, 0, 0, 0, 0, 0, 0, 0, 200, 130, 153, 63, 7, 152, 67, 63, 0, 0, 0, 0, 0, 0, 0, 0, 111, 0, 149, 63, 109, 134, 65, 63, 0, 0, 0, 0, 0, 0, 0, 0, 112, 175, 148, 63, 36, 211, 68, 63, 0, 0, 0, 0, 0, 0, 0, 0, 251, 112, 146, 63, 34, 141, 69, 63, 0, 0, 0, 0, 0, 0, 0, 0, 205, 199, 143, 63, 119, 162, 69, 63, 0, 0, 0, 0, 0, 0, 0, 0, 57, 219, 143, 63, 68, 117, 73, 63, 0, 0, 0, 0, 0, 0, 0, 0, 6, 238, 141, 63, 122, 121, 74, 63, 0, 0, 0, 0, 0, 0, 0, 0, 111, 160, 140, 63, 143, 87, 76, 63, 0, 0, 0, 0, 0, 0, 0, 0, 110, 2, 139, 63, 3, 185, 77, 63, 0, 0, 0, 0, 0, 0, 0, 0, 121, 210, 138, 63, 46, 56, 81, 63, 0, 0, 0, 0, 0, 0, 0, 0, 110, 153, 137, 63, 182, 42, 83, 63, 0, 0, 0, 0, 0, 0, 0, 0, 36, 116, 134, 63, 203, 23, 82, 63, 0, 0, 0, 0, 0, 0, 0, 0, 23, 213, 133, 63, 224, 232, 84, 63, 0, 0, 0, 0, 0, 0, 0, 0, 243, 99, 134, 63, 104, 167, 89, 63, 0, 0, 0, 0, 0, 0, 0, 0, 175, 193, 131, 63, 21, 57, 89, 63, 0, 0, 0, 0, 0, 0, 0, 0, 195, 205, 130, 63, 167, 131, 91, 63, 0, 0, 0, 0, 0, 0, 0, 0, 223, 40, 129, 63, 1, 160, 92, 63, 0, 0, 0, 0, 0, 0, 0, 0, 24, 148, 128, 63, 236, 138, 95, 63, 0, 0, 0, 0, 0, 0, 0, 0, 116, 148, 127, 63, 20, 30, 98, 63, 0, 0, 0, 0, 0, 0, 0, 0, 51, 19, 124, 63, 5, 248, 98, 63, 0, 0, 0, 0, 0, 0, 0, 0, 200, 243, 120, 63, 73, 31, 100, 63, 0, 0, 0, 0, 0, 0, 0, 0, 206, 195, 118, 63, 135, 28, 102, 63, 0, 0, 0, 0, 0, 0, 0, 0, 164, 209, 115, 63, 0, 96, 103, 63, 0, 0, 0, 0, 0, 0, 0, 0, 94, 94, 116, 63, 201, 251, 107, 63, 0, 0, 0, 0, 0, 0, 0, 0, 126, 241, 115, 63, 208, 184, 111, 63, 0, 0, 0, 0, 0, 0, 0, 0, 61, 169, 113, 63, 27, 169, 113, 63, 0, 0, 0, 0, 0, 0, 0, 0, 97, 198, 107, 63, 1, 237, 111, 63, 0, 0, 0, 0, 0, 0, 0, 0, 5, 178, 108, 63, 208, 26, 117, 63, 0, 0, 0, 0, 0, 0, 0, 0, 152, 64, 107, 63, 90, 231, 119, 63, 0, 0, 0, 0, 0, 0, 0, 0, 192, 162, 102, 63, 120, 83, 119, 63, 0, 0, 0, 0, 0, 0, 0, 0, 231, 173, 101, 63, 134, 166, 122, 63, 0, 0, 0, 0, 0, 0, 0, 0, 80, 108, 103, 63, 172, 130, 128, 63, 0, 0, 0, 0, 0, 0, 0, 0, 61, 238, 96, 63, 192, 60, 126, 63, 0, 0, 0, 0, 0, 0, 0, 0, 0, 186, 97, 63, 136, 213, 129, 63, 0, 0, 0, 0, 0, 0, 0, 0, 34, 242, 97, 63, 40, 70, 132, 63, 0, 0, 0, 0, 0, 0, 0, 0, 236, 254, 92, 63, 158, 175, 131, 63, 0, 0, 0, 0, 0, 0, 0, 0, 146, 39, 92, 63, 191, 136, 133, 63, 0, 0, 0, 0, 0, 0, 0, 0, 23, 176, 88, 63, 25, 203, 133, 63, 0, 0, 0, 0, 0, 0, 0, 0, 139, 54, 89, 63, 111, 137, 136, 63, 0, 0, 0, 0, 0, 0, 0, 0, 220, 101, 88, 63, 242, 124, 138, 63, 0, 0, 0, 0, 0, 0, 0, 0, 1, 96, 239, 58, 193, 250, 27, 59, 0, 0, 0, 0, 0, 0, 0, 0, 194, 164, 236, 58, 157, 4, 29, 59, 0, 0, 0, 0, 0, 0, 0, 0, 228, 228, 233, 58, 106, 11, 30, 59, 0, 0, 0, 0, 0, 0, 0, 0, 30, 208, 82, 63, 77, 20, 145, 63, 0, 0, 0, 0, 0, 0, 0, 0, 65, 80, 81, 63, 28, 185, 146, 63, 0, 0, 0, 0, 0, 0, 0, 0, 44, 219, 82, 63, 14, 145, 150, 63, 0, 0, 0, 0, 0, 0, 0, 0, 211, 245, 81, 63, 44, 191, 152, 63, 0, 0, 0, 0, 0, 0, 0, 0, 112, 186, 85, 63, 172, 110, 158, 63, 0, 0, 0, 0, 0, 0, 0, 0, 41, 144, 92, 63, 242, 157, 166, 63, 0, 0, 0, 0, 0, 0, 0, 0, 50, 46, 91, 63, 252, 192, 168, 63, 0, 0, 0, 0, 0, 0, 0, 0, 41, 253, 86, 63, 113, 187, 168, 63, 0, 0, 0, 0, 0, 0, 0, 0, 40, 139, 82, 63, 66, 120, 168, 63, 0, 0, 0, 0, 0, 0, 0, 0, 6, 154, 81, 63, 225, 4, 171, 63, 0, 0, 0, 0, 0, 0, 0, 0, 99, 223, 78, 63, 132, 37, 172, 63, 0, 0, 0, 0, 0, 0, 0, 0, 146, 146, 199, 58, 49, 103, 41, 59, 0, 0, 0, 0, 0, 0, 0, 0, 189, 155, 196, 58, 118, 68, 42, 59, 0, 0, 0, 0, 0, 0, 0, 0, 19, 161, 193, 58, 105, 30, 43, 59, 0, 0, 0, 0, 0, 0, 0, 0, 127, 162, 97, 63, 2, 135, 203, 63, 0, 0, 0, 0, 0, 0, 0, 0, 234, 62, 124, 63, 239, 73, 232, 63, 0, 0, 0, 0, 0, 0, 0, 0, 3, 17, 123, 63, 205, 23, 236, 63, 0, 0, 0, 0, 0, 0, 0, 0, 240, 148, 118, 63, 191, 214, 236, 63, 0, 0, 0, 0, 0, 0, 0, 0, 150, 82, 114, 63, 171, 202, 237, 63, 0, 0, 0, 0, 0, 0, 0, 0, 180, 195, 107, 63, 50, 111, 236, 63, 0, 0, 0, 0, 0, 0, 0, 0, 102, 77, 104, 63, 242, 36, 238, 63, 0, 0, 0, 0, 0, 0, 0, 0, 103, 182, 97, 63, 111, 155, 236, 63, 0, 0, 0, 0, 0, 0, 0, 0, 114, 202, 93, 63, 165, 208, 237, 63, 0, 0, 0, 0, 0, 0, 0, 0, 156, 91, 88, 63, 64, 96, 237, 63, 0, 0, 0, 0, 0, 0, 0, 0, 241, 228, 83, 63, 205, 245, 237, 63, 0, 0, 0, 0, 0, 0, 0, 0, 143, 25, 78, 63, 93, 255, 236, 63, 0, 0, 0, 0, 0, 0, 0, 0, 214, 167, 73, 63, 197, 136, 237, 63, 0, 0, 0, 0, 0, 0, 0, 0, 138, 58, 68, 63, 37, 222, 236, 63, 0, 0, 0, 0, 0, 0, 0, 0, 94, 36, 65, 63, 58, 5, 239, 63, 0, 0, 0, 0, 0, 0, 0, 0, 77, 190, 59, 63, 75, 78, 238, 63, 0, 0, 0, 0, 0, 0, 0, 0, 230, 121, 54, 63, 148, 174, 237, 63, 0, 0, 0, 0, 0, 0, 0, 0, 67, 36, 50, 63, 179, 58, 238, 63, 0, 0, 0, 0, 0, 0, 0, 0, 88, 179, 43, 63, 197, 222, 235, 63, 0, 0, 0, 0, 0, 0, 0, 0, 14, 104, 39, 63, 124, 94, 236, 63, 0, 0, 0, 0, 0, 0, 0, 0, 0, 49, 35, 63, 48, 248, 236, 63, 0, 0, 0, 0, 0, 0, 0, 0, 65, 206, 30, 63, 239, 78, 237, 63, 0, 0, 0, 0, 0, 0, 0, 0, 241, 114, 27, 63, 167, 53, 239, 63, 0, 0, 0, 0, 0, 0, 0, 0, 72, 147, 22, 63, 177, 199, 238, 63, 0, 0, 0, 0, 0, 0, 0, 0, 252, 243, 17, 63, 137, 177, 238, 63, 0, 0, 0, 0, 0, 0, 0, 0, 163, 125, 13, 63, 144, 212, 238, 63, 0, 0, 0, 0, 0, 0, 0, 0, 160, 39, 232, 62, 52, 103, 202, 63, 0, 0, 0, 0, 0, 0, 0, 0, 23, 113, 197, 62, 125, 252, 177, 63, 0, 0, 0, 0, 0, 0, 0, 0, 139, 254, 173, 62, 86, 86, 162, 63, 0, 0, 0, 0, 0, 0, 0, 0, 103, 23, 154, 62, 138, 244, 148, 63, 0, 0, 0, 0, 0, 0, 0, 0, 220, 52, 141, 62, 225, 149, 141, 63, 0, 0, 0, 0, 0, 0, 0, 0, 225, 96, 136, 62, 58, 3, 142, 63, 0, 0, 0, 0, 0, 0, 0, 0, 145, 47, 131, 62, 39, 14, 142, 63, 0, 0, 0, 0, 0, 0, 0, 0, 34, 115, 122, 62, 28, 54, 141, 63, 0, 0, 0, 0, 0, 0, 0, 0, 133, 127, 114, 62, 36, 155, 142, 63, 0, 0, 0, 0, 0, 0, 0, 0, 121, 183, 103, 62, 7, 93, 142, 63, 0, 0, 0, 0, 0, 0, 0, 0, 29, 185, 95, 62, 2, 222, 143, 63, 0, 0, 0, 0, 0, 0, 0, 0, 160, 154, 86, 62, 45, 188, 144, 63, 0, 0, 0, 0, 0, 0, 0, 0, 18, 69, 78, 62, 101, 57, 146, 63, 0, 0, 0, 0, 0, 0, 0, 0, 215, 204, 73, 62, 101, 188, 150, 63, 0, 0, 0, 0, 0, 0, 0, 0, 22, 75, 83, 62, 217, 192, 166, 63, 0, 0, 0, 0, 0, 0, 0, 0, 39, 168, 142, 62, 49, 161, 238, 63, 0, 0, 0, 0, 0, 0, 0, 0, 199, 81, 135, 62, 211, 180, 240, 63, 0, 0, 0, 0, 0, 0, 0, 0, 224, 124, 124, 62, 44, 185, 239, 63, 0, 0, 0, 0, 0, 0, 0, 0, 40, 2, 98, 62, 126, 20, 230, 63, 0, 0, 0, 0, 0, 0, 0, 0, 177, 148, 46, 62, 95, 135, 191, 63, 0, 0, 0, 0, 0, 0, 0, 0, 242, 253, 29, 62, 154, 228, 187, 63, 0, 0, 0, 0, 0, 0, 0, 0, 242, 157, 19, 62, 43, 160, 191, 63, 0, 0, 0, 0, 0, 0, 0, 0, 42, 66, 34, 62, 132, 209, 231, 63, 0, 0, 0, 0, 0, 0, 0, 0, 66, 104, 22, 62, 150, 224, 238, 63, 0, 0, 0, 0, 0, 0, 0, 0, 167, 187, 232, 61, 8, 1, 208, 63, 0, 0, 0, 0, 0, 0, 0, 0, 4, 45, 182, 61, 234, 37, 186, 63, 0, 0, 0, 0, 0, 0, 0, 0, 154, 218, 149, 61, 225, 178, 178, 63, 0, 0, 0, 0, 0, 0, 0, 0, 32, 185, 120, 61, 163, 1, 178, 63, 0, 0, 0, 0, 0, 0, 0, 0, 70, 221, 72, 61, 254, 186, 179, 63, 0, 0, 0, 0, 0, 0, 0, 0, 85, 152, 21, 61, 178, 127, 178, 63, 0, 0, 0, 0, 0, 0, 0, 0, 49, 125, 200, 60, 189, 109, 179, 63, 0, 0, 0, 0, 0, 0, 0, 0, 155, 138, 71, 60, 159, 141, 178, 63, 0, 0, 0, 0, 0, 0, 0, 0, 45, 123, 188, 54, 248, 83, 179, 63, 0, 0, 0, 0, 0, 0, 0, 0, 36, 18, 67, 188, 159, 182, 174, 63, 0, 0, 0, 0, 0, 0, 0, 0, 87, 99, 184, 188, 74, 24, 165, 63, 0, 0, 0, 0, 0, 0, 0, 0, 54, 19, 4, 189, 90, 164, 157, 63, 0, 0, 0, 0, 0, 0, 0, 0, 34, 59, 42, 189, 236, 90, 152, 63, 0, 0, 0, 0, 0, 0, 0, 0, 51, 233, 81, 189, 196, 65, 150, 63, 0, 0, 0, 0, 0, 0, 0, 0, 99, 220, 120, 189, 133, 103, 148, 63, 0, 0, 0, 0, 0, 0, 0, 0, 136, 229, 145, 189, 241, 24, 149, 63, 0, 0, 0, 0, 0, 0, 0, 0, 141, 254, 165, 189, 174, 95, 148, 63, 0, 0, 0, 0, 0, 0, 0, 0, 112, 43, 183, 189, 98, 120, 145, 63, 0, 0, 0, 0, 0, 0, 0, 0, 213, 148, 202, 189, 44, 186, 144, 63, 0, 0, 0, 0, 0, 0, 0, 0, 42, 30, 226, 189, 247, 198, 146, 63, 0, 0, 0, 0, 0, 0, 0, 0, 183, 8, 244, 189, 232, 30, 145, 63, 0, 0, 0, 0, 0, 0, 0, 0, 11, 174, 3, 190, 47, 121, 144, 63, 0, 0, 0, 0, 0, 0, 0, 0, 251, 66, 13, 190, 234, 208, 143, 63, 0, 0, 0, 0, 0, 0, 0, 0, 161, 74, 21, 190, 192, 192, 141, 63, 0, 0, 0, 0, 0, 0, 0, 0, 212, 8, 33, 190, 131, 59, 143, 63, 0, 0, 0, 0, 0, 0, 0, 0, 234, 38, 40, 190, 101, 165, 140, 63, 0, 0, 0, 0, 0, 0, 0, 0, 250, 52, 52, 190, 44, 58, 142, 63, 0, 0, 0, 0, 0, 0, 0, 0, 50, 188, 57, 190, 46, 190, 138, 63, 0, 0, 0, 0, 0, 0, 0, 0, 94, 248, 70, 190, 94, 14, 141, 63, 0, 0, 0, 0, 0, 0, 0, 0, 247, 128, 79, 190, 229, 243, 139, 63, 0, 0, 0, 0, 0, 0, 0, 0, 113, 100, 92, 190, 61, 187, 141, 63, 0, 0, 0, 0, 0, 0, 0, 0, 34, 181, 103, 190, 23, 93, 142, 63, 0, 0, 0, 0, 0, 0, 0, 0, 45, 234, 114, 190, 78, 219, 142, 63, 0, 0, 0, 0, 0, 0, 0, 0, 196, 83, 123, 190, 36, 182, 141, 63, 0, 0, 0, 0, 0, 0, 0, 0, 30, 65, 133, 190, 237, 76, 144, 63, 0, 0, 0, 0, 0, 0, 0, 0, 160, 142, 140, 190, 124, 94, 146, 63, 0, 0, 0, 0, 0, 0, 0, 0, 143, 115, 168, 190, 201, 232, 168, 63, 0, 0, 0, 0, 0, 0, 0, 0, 70, 39, 252, 190, 183, 193, 243, 63, 0, 0, 0, 0, 0, 0, 0, 0, 11, 31, 3, 191, 84, 174, 244, 63, 0, 0, 0, 0, 0, 0, 0, 0, 170, 70, 8, 191, 250, 179, 245, 63, 0, 0, 0, 0, 0, 0, 0, 0, 125, 218, 11, 191, 96, 222, 243, 63, 0, 0, 0, 0, 0, 0, 0, 0, 3, 157, 16, 191, 183, 27, 244, 63, 0, 0, 0, 0, 0, 0, 0, 0, 150, 4, 21, 191, 121, 182, 243, 63, 0, 0, 0, 0, 0, 0, 0, 0, 23, 186, 24, 191, 227, 50, 242, 63, 0, 0, 0, 0, 0, 0, 0, 0, 255, 168, 29, 191, 106, 158, 242, 63, 0, 0, 0, 0, 0, 0, 0, 0, 198, 89, 35, 191, 74, 27, 244, 63, 0, 0, 0, 0, 0, 0, 0, 0, 49, 48, 40, 191, 84, 59, 244, 63, 0, 0, 0, 0, 0, 0, 0, 0, 41, 142, 45, 191, 162, 14, 245, 63, 0, 0, 0, 0, 0, 0, 0, 0, 201, 233, 49, 191, 44, 105, 244, 63, 0, 0, 0, 0, 0, 0, 0, 0, 198, 181, 54, 191, 57, 88, 244, 63, 0, 0, 0, 0, 0, 0, 0, 0, 7, 41, 60, 191, 114, 23, 245, 63, 0, 0, 0, 0, 0, 0, 0, 0, 103, 46, 65, 191, 201, 54, 245, 63, 0, 0, 0, 0, 0, 0, 0, 0, 110, 28, 68, 191, 69, 179, 242, 63, 0, 0, 0, 0, 0, 0, 0, 0, 108, 219, 61, 191, 141, 46, 229, 63, 0, 0, 0, 0, 0, 0, 0, 0, 136, 140, 62, 191, 222, 116, 224, 63, 0, 0, 0, 0, 0, 0, 0, 0, 113, 75, 63, 191, 71, 250, 219, 63, 0, 0, 0, 0, 0, 0, 0, 0, 195, 0, 64, 191, 104, 160, 215, 63, 0, 0, 0, 0, 0, 0, 0, 0, 192, 6, 62, 191, 175, 125, 208, 63, 0, 0, 0, 0, 0, 0, 0, 0, 240, 160, 62, 191, 217, 103, 204, 63, 0, 0, 0, 0, 0, 0, 0, 0, 149, 193, 64, 191, 112, 16, 202, 63, 0, 0, 0, 0, 0, 0, 0, 0, 98, 5, 65, 191, 14, 225, 197, 63, 0, 0, 0, 0, 0, 0, 0, 0, 51, 3, 64, 191, 215, 143, 192, 63, 0, 0, 0, 0, 0, 0, 0, 0, 226, 236, 64, 191, 92, 82, 189, 63, 0, 0, 0, 0, 0, 0, 0, 0, 105, 5, 63, 191, 33, 122, 183, 63, 0, 0, 0, 0, 0, 0, 0, 0, 131, 13, 64, 191, 47, 154, 180, 63, 0, 0, 0, 0, 0, 0, 0, 0, 18, 68, 64, 191, 197, 14, 177, 63, 0, 0, 0, 0, 0, 0, 0, 0, 130, 57, 67, 191, 160, 25, 176, 63, 0, 0, 0, 0, 0, 0, 0, 0, 98, 160, 193, 186, 155, 30, 43, 59, 0, 0, 0, 0, 0, 0, 0, 0, 0, 0, 0, 0, 0, 0, 0, 0, 0, 0, 0, 0, 0, 0, 0, 0, 0, 0, 0, 0, 0, 0, 0, 0, 0, 0, 0, 0, 0, 0, 0, 0, 0, 0, 0, 0, 0, 0, 0, 0, 0, 0, 0, 0, 0, 0, 0, 0, 0, 0, 0, 0, 0, 0, 0, 0, 0, 0, 0, 0, 0, 0, 0, 0, 0, 0, 0, 0, 0, 0, 0, 0, 0, 0, 0, 0, 0, 0, 0, 0, 227, 65, 167, 189, 214, 69, 3, 62, 0, 0, 0, 0, 0, 0, 0, 0, 13, 247, 163, 189, 237, 124, 252, 61, 0, 0, 0, 0, 0, 0, 0, 0, 0, 0, 0, 0, 0, 0, 0, 0, 0, 0, 0, 0, 0, 0, 0, 0, 24, 43, 151, 189, 170, 30, 224, 61, 0, 0, 0, 0, 0, 0, 0, 0, 101, 204, 150, 189, 158, 106, 219, 61, 0, 0, 0, 0, 0, 0, 0, 0, 173, 148, 158, 189, 248, 122, 226, 61, 0, 0, 0, 0, 0, 0, 0, 0, 191, 230, 143, 189, 211, 190, 201, 61, 0, 0, 0, 0, 0, 0, 0, 0, 94, 16, 148, 189, 180, 203, 203, 61, 0, 0, 0, 0, 0, 0, 0, 0, 156, 60, 163, 189, 243, 154, 220, 61, 0, 0, 0, 0, 0, 0, 0, 0, 84, 236, 163, 189, 106, 137, 217, 61, 0, 0, 0, 0, 0, 0, 0, 0, 97, 82, 163, 189, 52, 217, 212, 61, 0, 0, 0, 0, 0, 0, 0, 0, 191, 255, 173, 189, 77, 182, 222, 61, 0, 0, 0, 0, 0, 0, 0, 0, 0, 0, 0, 0, 0, 0, 0, 0, 0, 0, 0, 0, 0, 0, 0, 0, 213, 162, 203, 189, 60, 121, 251, 61, 0, 0, 0, 0, 0, 0, 0, 0, 85, 227, 188, 189, 163, 36, 229, 61, 0, 0, 0, 0, 0, 0, 0, 0, 0, 0, 0, 0, 0, 0, 0, 0, 0, 0, 0, 0, 0, 0, 0, 0, 0, 0, 0, 0, 0, 0, 0, 0, 0, 0, 0, 0, 0, 0, 0, 0, 0, 0, 0, 0, 0, 0, 0, 0, 0, 0, 0, 0, 0, 0, 0, 0, 0, 0, 0, 0, 0, 0, 0, 0, 0, 0, 0, 0, 0, 0, 0, 0, 0, 0, 0, 0, 0, 0, 0, 0, 0, 0, 0, 0, 0, 0, 0, 0, 0, 0, 0, 0, 0, 0, 0, 0, 0, 0, 0, 0, 0, 0, 0, 0, 0, 0, 0, 0, 0, 0, 0, 0, 0, 0, 0, 0, 0, 0, 0, 0, 0, 0, 0, 0, 0, 0, 0, 0, 0, 0, 0, 0, 0, 0, 0, 0, 0, 0, 0, 0, 0, 0, 0, 0, 0, 0, 0, 0, 0, 0, 0, 0, 0, 0, 0, 0, 0, 0, 0, 0, 0, 0, 0, 0, 0, 0, 0, 0, 0, 0, 0, 0, 0, 0, 0, 0, 0, 0, 0, 0, 0, 0, 0, 0]
is_dense: True
