abcheader: 
  seq: 3223
  stamp: 
    secs: 1715855069
    nsecs: 550528049
  frame_id: "cloud"
angle_min: -2.356194496154785
angle_max: 2.356194496154785
angle_increment: 0.008726646192371845
time_increment: 2.7777778086601757e-05
scan_time: 0.019999999552965164
range_min: 0.05000000074505806
range_max: 25.0
ranges: [0.026000000536441803, 0.03100000135600567, 0.018000001087784767, 0.020000001415610313, 0.023000001907348633, 0.01600000075995922, 0.01600000075995922, 0.023000001907348633, 0.018000001087784767, 0.02800000086426735, 0.02800000086426735, 0.029000001028180122, 0.01900000125169754, 0.023000001907348633, 0.024000000208616257, 0.02500000037252903, 0.026000000536441803, 0.024000000208616257, 0.03400000184774399, 0.02800000086426735, 0.039000000804662704, 0.029000001028180122, 0.04200000315904617, 0.05100000277161598, 0.026000000536441803, 0.039000000804662704, 0.04500000178813934, 0.04800000041723251, 0.052000001072883606, 0.04700000211596489, 0.04200000315904617, 0.05000000074505806, 0.03800000250339508, 0.055000003427267075, 0.049000002443790436, 0.05700000375509262, 0.05100000277161598, 0.06599999964237213, 0.06400000303983688, 0.0690000057220459, 0.07600000500679016, 0.06800000369548798, 0.0650000050663948, 0.08300000429153442, 0.08700000494718552, 0.08800000697374344, 0.09200000762939453, 0.0950000062584877, 0.08300000429153442, 0.0950000062584877, 0.10100000351667404, 0.11100000888109207, 0.11500000208616257, 0.12300000339746475, 0.12700000405311584, 0.13900001347064972, 0.14100000262260437, 0.15000000596046448, 0.15300001204013824, 0.15800000727176666, 0.1810000091791153, 0.17600001394748688, 0.19100001454353333, 0.19600000977516174, 0.21000000834465027, 0.22800001502037048, 0.25200000405311584, 0.27300000190734863, 0.2939999997615814, 0.31800001859664917, 0.34300002455711365, 0.3460000157356262, 0.3710000216960907, 0.38200002908706665, 0.37300002574920654, 0.39500001072883606, 0.3830000162124634, 0.37800002098083496, 0.37400001287460327, 0.3890000283718109, 0.3830000162124634, 0.38100001215934753, 0.3850000202655792, 0.38200002908706665, 0.3890000283718109, 0.3620000183582306, 0.281000018119812, 0.24300001561641693, 0.242000013589859, 0.29500001668930054, 0.29600000381469727, 3.203000068664551, 3.204000234603882, 3.2060000896453857, 3.199000120162964, 3.207000255584717, 0.23900000751018524, 0.20500001311302185, 0.1900000125169754, 0.17600001394748688, 0.18700000643730164, 0.2110000103712082, 0.2330000102519989, 0.2680000066757202, 0.2840000092983246, 0.32600000500679016, 0.32100000977516174, 0.2970000207424164, 0.3070000112056732, 3.2740001678466797, 3.2770001888275146, 3.2900002002716064, 3.2790000438690186, 3.2910001277923584, 0.33900001645088196, 0.3490000069141388, 0.003000000026077032, 0.003000000026077032, 0.0, 0.0, 0.0, 0.0, 0.0, 0.0, 0.0, 0.0, 0.0, 0.3540000021457672, 0.3270000219345093, 0.32100000977516174, 0.3140000104904175, 0.31200000643730164, 0.3060000240802765, 0.3020000159740448, 0.2980000078678131, 0.289000004529953, 0.2800000011920929, 0.2770000100135803, 0.2550000250339508, 0.25, 0.25200000405311584, 0.2590000033378601, 4.306000232696533, 4.2330002784729, 4.1620001792907715, 4.1020002365112305, 4.043000221252441, 3.9640002250671387, 3.820000171661377, 3.684000253677368, 3.688000202178955, 3.702000141143799, 0.3400000035762787, 0.32500001788139343, 3.5970001220703125, 3.5460002422332764, 3.4900002479553223, 3.450000047683716, 3.4080002307891846, 3.3450002670288086, 3.314000129699707, 3.2750000953674316, 3.2290000915527344, 3.192000150680542, 3.142000198364258, 3.1070001125335693, 3.080000162124634, 3.0530002117156982, 3.0200002193450928, 2.9840002059936523, 2.946000099182129, 2.9280002117156982, 2.8970000743865967, 2.871000051498413, 2.8520002365112305, 2.8600001335144043, 2.879000186920166, 2.8470001220703125, 2.873000144958496, 2.81000018119812, 2.7840001583099365, 2.750000238418579, 2.7100000381469727, 2.705000162124634, 2.6660001277923584, 2.6730000972747803, 2.683000087738037, 2.629000186920166, 2.6450002193450928, 2.6460001468658447, 2.559000015258789, 2.632000207901001, 2.570000171661377, 2.42900013923645, 2.4100000858306885, 2.4020001888275146, 2.375, 2.3590002059936523, 2.3370001316070557, 2.328000068664551, 2.323000192642212, 2.318000078201294, 2.308000087738037, 2.2680001258850098, 2.267000198364258, 2.261000156402588, 2.2220001220703125, 2.2280001640319824, 2.2180001735687256, 2.2070000171661377, 2.194000005722046, 2.189000129699707, 2.1720001697540283, 2.1570000648498535, 2.1620001792907715, 2.1440000534057617, 2.127000093460083, 2.122000217437744, 2.1100001335144043, 2.1070001125335693, 2.0830001831054688, 2.076000213623047, 2.0860002040863037, 2.078000068664551, 2.057000160217285, 2.0500001907348633, 2.0410001277923584, 2.0350000858306885, 2.0230000019073486, 2.0380001068115234, 2.0250000953674316, 2.014000177383423, 2.013000011444092, 2.0160000324249268, 1.9860000610351562, 1.9850001335144043, 2.0, 1.9790000915527344, 1.9860000610351562, 1.9790000915527344, 1.974000096321106, 1.9690001010894775, 1.9730000495910645, 1.9510000944137573, 1.942000150680542, 1.9470001459121704, 1.939000129699707, 1.9500000476837158, 1.9440001249313354, 1.937000036239624, 1.9200000762939453, 1.9440001249313354, 1.9170000553131104, 1.9170000553131104, 1.9160001277923584, 1.9140000343322754, 1.9240001440048218, 1.9260001182556152, 1.9230000972747803, 1.912000060081482, 1.9210001230239868, 1.9040000438690186, 1.909000039100647, 1.9030001163482666, 1.8970000743865967, 1.909000039100647, 1.90500009059906, 1.9030001163482666, 1.908000111579895, 1.8950001001358032, 1.8990000486373901, 1.8920000791549683, 1.8930001258850098, 1.8950001001358032, 1.8980001211166382, 1.8920000791549683, 1.9100000858306885, 1.9100000858306885, 1.9200000762939453, 1.8940000534057617, 1.9170000553131104, 1.8980001211166382, 1.902000069618225, 1.9160001277923584, 1.9250000715255737, 1.9250000715255737, 1.9250000715255737, 1.9320000410079956, 1.9300000667572021, 1.936000108718872, 1.9230000972747803, 1.9260001182556152, 1.937000036239624, 1.933000087738037, 1.9480000734329224, 1.9550000429153442, 1.9470001459121704, 1.9760000705718994, 1.9520001411437988, 1.9550000429153442, 1.9610000848770142, 1.9860000610351562, 1.971000075340271, 1.9970000982284546, 1.9930001497268677, 2.008000135421753, 2.0250000953674316, 2.003000020980835, 2.002000093460083, 2.0270001888275146, 2.0329999923706055, 2.052000045776367, 2.0410001277923584, 2.0310001373291016, 2.0490000247955322, 2.007000207901001, 1.9270000457763672, 1.9100000858306885, 1.8410000801086426, 1.8000000715255737, 1.8020000457763672, 1.815000057220459, 1.8040001392364502, 1.7920000553131104, 1.8100000619888306, 1.812000036239624, 1.814000129699707, 1.840000033378601, 1.8340001106262207, 1.8470001220703125, 1.8290001153945923, 1.8280000686645508, 1.8280000686645508, 1.8570001125335693, 1.8410000801086426, 1.852000117301941, 1.883000135421753, 1.8960001468658447, 1.9320000410079956, 1.9510000944137573, 1.9600000381469727, 1.970000147819519, 1.9600000381469727, 1.977000117301941, 1.9650001525878906, 1.9890000820159912, 2.0220000743865967, 2.0220000743865967, 2.0260000228881836, 2.0350000858306885, 2.074000120162964, 2.073000192642212, 2.0820000171661377, 2.1000001430511475, 2.1060001850128174, 2.1600000858306885, 2.1490001678466797, 2.1730000972747803, 2.195000171661377, 2.2240002155303955, 2.2170000076293945, 2.240000009536743, 2.261000156402588, 2.2770001888275146, 2.3030002117156982, 2.319000005722046, 2.327000141143799, 2.314000129699707, 2.2760000228881836, 2.2750000953674316, 2.265000104904175, 2.251000165939331, 2.2240002155303955, 2.203000068664551, 2.2139999866485596, 2.1780002117156982, 2.177000045776367, 2.1700000762939453, 2.1480000019073486, 2.1460001468658447, 2.13700008392334, 2.1080000400543213, 2.0920000076293945, 2.0910000801086426, 2.075000047683716, 2.072000026702881, 2.062000036239624, 2.058000087738037, 2.0250000953674316, 2.0429999828338623, 2.0270001888275146, 2.0, 1.9860000610351562, 2.001000165939331, 1.996000051498413, 1.9890000820159912, 1.9730000495910645, 1.970000147819519, 1.9600000381469727, 1.9550000429153442, 1.9240001440048218, 1.9520001411437988, 1.940000057220459, 1.9140000343322754, 1.9180001020431519, 1.9220000505447388, 1.9130001068115234, 1.9210001230239868, 0.2900000214576721, 1.9060001373291016, 1.90500009059906, 1.8950001001358032, 1.8660000562667847, 1.8640000820159912, 1.8700001239776611, 1.8690000772476196, 1.8600001335144043, 1.8560000658035278, 1.8620001077651978, 1.8480000495910645, 1.8380000591278076, 1.8410000801086426, 1.840000033378601, 1.8220001459121704, 1.8330000638961792, 1.8300000429153442, 1.8310000896453857, 1.8370001316070557, 1.8050000667572021, 1.818000078201294, 1.8010001182556152, 1.7880001068115234, 1.8020000457763672, 1.814000129699707, 1.821000099182129, 1.8200000524520874, 1.8380000591278076, 0.003000000026077032, 0.003000000026077032, 0.0, 0.0, 0.0, 0.0, 0.003000000026077032, 0.003000000026077032, 0.003000000026077032, 0.003000000026077032, 1.8280000686645508, 1.8000000715255737, 1.7950000762939453, 1.8000000715255737, 1.8000000715255737, 0.7240000367164612, 0.6420000195503235, 0.7690000534057617, 1.815000057220459, 1.818000078201294, 1.3600000143051147, 0.0, 0.0, 0.0, 0.0, 0.0, 0.0, 0.0, 0.0, 0.0, 0.0, 0.0, 0.0, 0.0, 0.0, 0.0, 0.0, 0.0, 0.0, 0.0, 0.18700000643730164, 0.1900000125169754, 0.1720000058412552, 0.17600001394748688, 0.17100000381469727, 0.16900001466274261, 0.1720000058412552, 0.15300001204013824, 0.13700000941753387, 0.1300000101327896, 0.11300000548362732, 0.12600000202655792, 0.1210000067949295, 0.11100000888109207, 0.09200000762939453, 0.09800000488758087, 0.09800000488758087, 0.0820000022649765, 0.08500000089406967, 0.08000000566244125, 0.07200000435113907, 0.08100000023841858, 0.0650000050663948, 0.07600000500679016, 0.07500000298023224, 0.07100000232458115, 0.06100000441074371, 0.058000002056360245, 0.058000002056360245, 0.0560000017285347, 0.0560000017285347, 0.0430000014603138, 0.04100000113248825, 0.05700000375509262, 0.05000000074505806, 0.049000002443790436, 0.04200000315904617, 0.04500000178813934, 0.02800000086426735, 0.03800000250339508, 0.04800000041723251, 0.027000000700354576, 0.029000001028180122, 0.03800000250339508, 0.039000000804662704, 0.03500000014901161, 0.04000000283122063, 0.04100000113248825, 0.04000000283122063, 0.032999999821186066, 0.03200000151991844, 0.027000000700354576, 0.04200000315904617, 0.02800000086426735, 0.03100000135600567, 0.036000002175569534, 0.03200000151991844, 0.03200000151991844, 0.029000001028180122, 0.023000001907348633, 0.026000000536441803, 0.018000001087784767, 0.023000001907348633, 0.02200000174343586]
intensities: [0.0, 0.0, 0.0, 0.0, 0.0, 0.0, 0.0, 0.0, 0.0, 0.0, 0.0, 0.0, 0.0, 0.0, 0.0, 0.0, 0.0, 0.0, 0.0, 0.0, 0.0, 0.0, 0.0, 0.0, 0.0, 0.0, 0.0, 0.0, 0.0, 0.0, 0.0, 0.0, 0.0, 0.0, 0.0, 0.0, 0.0, 0.0, 0.0, 0.0, 0.0, 0.0, 0.0, 0.0, 0.0, 0.0, 0.0, 0.0, 0.0, 0.0, 0.0, 0.0, 0.0, 0.0, 0.0, 0.0, 0.0, 0.0, 0.0, 0.0, 0.0, 0.0, 0.0, 0.0, 0.0, 0.0, 0.0, 0.0, 0.0, 0.0, 0.0, 0.0, 0.0, 0.0, 0.0, 0.0, 0.0, 0.0, 0.0, 0.0, 0.0, 0.0, 0.0, 0.0, 0.0, 0.0, 0.0, 0.0, 0.0, 0.0, 0.0, 0.0, 0.0, 0.0, 0.0, 0.0, 0.0, 0.0, 0.0, 0.0, 0.0, 0.0, 0.0, 0.0, 0.0, 0.0, 0.0, 0.0, 0.0, 0.0, 0.0, 0.0, 0.0, 0.0, 0.0, 0.0, 0.0, 0.0, 0.0, 0.0, 0.0, 0.0, 0.0, 0.0, 0.0, 0.0, 0.0, 0.0, 0.0, 0.0, 0.0, 0.0, 0.0, 0.0, 0.0, 0.0, 0.0, 0.0, 0.0, 0.0, 0.0, 0.0, 0.0, 0.0, 0.0, 0.0, 0.0, 0.0, 0.0, 0.0, 0.0, 0.0, 0.0, 0.0, 0.0, 0.0, 0.0, 0.0, 0.0, 0.0, 0.0, 0.0, 0.0, 0.0, 0.0, 0.0, 0.0, 0.0, 0.0, 0.0, 0.0, 0.0, 0.0, 0.0, 0.0, 0.0, 0.0, 0.0, 0.0, 0.0, 0.0, 0.0, 0.0, 0.0, 0.0, 0.0, 0.0, 0.0, 0.0, 0.0, 0.0, 0.0, 0.0, 0.0, 0.0, 0.0, 0.0, 0.0, 0.0, 0.0, 0.0, 0.0, 0.0, 0.0, 0.0, 0.0, 0.0, 0.0, 0.0, 0.0, 0.0, 0.0, 0.0, 0.0, 0.0, 0.0, 0.0, 0.0, 0.0, 0.0, 0.0, 0.0, 0.0, 0.0, 0.0, 0.0, 0.0, 0.0, 0.0, 0.0, 0.0, 0.0, 0.0, 0.0, 0.0, 0.0, 0.0, 0.0, 0.0, 0.0, 0.0, 0.0, 0.0, 0.0, 0.0, 0.0, 0.0, 0.0, 0.0, 0.0, 0.0, 0.0, 0.0, 0.0, 0.0, 0.0, 0.0, 0.0, 0.0, 0.0, 0.0, 0.0, 0.0, 0.0, 0.0, 0.0, 0.0, 0.0, 0.0, 0.0, 0.0, 0.0, 0.0, 0.0, 0.0, 0.0, 0.0, 0.0, 0.0, 0.0, 0.0, 0.0, 0.0, 0.0, 0.0, 0.0, 0.0, 0.0, 0.0, 0.0, 0.0, 0.0, 0.0, 0.0, 0.0, 0.0, 0.0, 0.0, 0.0, 0.0, 0.0, 0.0, 0.0, 0.0, 0.0, 0.0, 0.0, 0.0, 0.0, 0.0, 0.0, 0.0, 0.0, 0.0, 0.0, 0.0, 0.0, 0.0, 0.0, 0.0, 0.0, 0.0, 0.0, 0.0, 0.0, 0.0, 0.0, 0.0, 0.0, 0.0, 0.0, 0.0, 0.0, 0.0, 0.0, 0.0, 0.0, 0.0, 0.0, 0.0, 0.0, 0.0, 0.0, 0.0, 0.0, 0.0, 0.0, 0.0, 0.0, 0.0, 0.0, 0.0, 0.0, 0.0, 0.0, 0.0, 0.0, 0.0, 0.0, 0.0, 0.0, 0.0, 0.0, 0.0, 0.0, 0.0, 0.0, 0.0, 0.0, 0.0, 0.0, 0.0, 0.0, 0.0, 0.0, 0.0, 0.0, 0.0, 0.0, 0.0, 0.0, 0.0, 0.0, 0.0, 0.0, 0.0, 0.0, 0.0, 0.0, 0.0, 0.0, 0.0, 0.0, 0.0, 0.0, 0.0, 0.0, 0.0, 0.0, 0.0, 0.0, 0.0, 0.0, 0.0, 0.0, 0.0, 0.0, 0.0, 0.0, 0.0, 0.0, 0.0, 0.0, 0.0, 0.0, 0.0, 0.0, 0.0, 0.0, 0.0, 0.0, 0.0, 0.0, 0.0, 0.0, 0.0, 0.0, 0.0, 0.0, 0.0, 0.0, 0.0, 0.0, 0.0, 0.0, 0.0, 0.0, 0.0, 0.0, 0.0, 0.0, 0.0, 0.0, 0.0, 0.0, 0.0, 0.0, 0.0, 0.0, 0.0, 0.0, 0.0, 0.0, 0.0, 0.0, 0.0, 0.0, 0.0, 0.0, 0.0, 0.0, 0.0, 0.0, 0.0, 0.0, 0.0, 0.0, 0.0, 0.0, 0.0, 0.0, 0.0, 0.0, 0.0, 0.0, 0.0, 0.0, 0.0, 0.0, 0.0, 0.0, 0.0, 0.0, 0.0, 0.0, 0.0, 0.0, 0.0, 0.0, 0.0, 0.0, 0.0, 0.0, 0.0, 0.0, 0.0, 0.0, 0.0, 0.0, 0.0, 0.0, 0.0, 0.0, 0.0, 0.0, 0.0, 0.0, 0.0, 0.0, 0.0, 0.0, 0.0, 0.0, 0.0, 0.0, 0.0, 0.0, 0.0, 0.0, 0.0, 0.0, 0.0, 0.0, 0.0, 0.0, 0.0, 0.0, 0.0, 0.0, 0.0, 0.0, 0.0, 0.0, 0.0, 0.0, 0.0, 0.0, 0.0, 0.0, 0.0, 0.0]
