abcheader: 
  seq: 15998
  stamp: 
    secs: 1716542017
    nsecs: 763612508
  frame_id: "cloud"
height: 1
width: 541
fields: 
  - 
    name: "x"
    offset: 0
    datatype: 7
    count: 1
  - 
    name: "y"
    offset: 4
    datatype: 7
    count: 1
  - 
    name: "z"
    offset: 8
    datatype: 7
    count: 1
  - 
    name: "intensity"
    offset: 12
    datatype: 7
    count: 1
is_bigendian: False
point_step: 16
row_step: 8656
data: [0, 0, 0, 0, 0, 0, 0, 0, 0, 0, 0, 0, 0, 0, 0, 0, 0, 0, 0, 0, 0, 0, 0, 0, 0, 0, 0, 0, 0, 0, 0, 0, 0, 0, 0, 0, 0, 0, 0, 0, 0, 0, 0, 0, 0, 0, 0, 0, 0, 0, 0, 0, 0, 0, 0, 0, 0, 0, 0, 0, 0, 0, 0, 0, 0, 0, 0, 0, 0, 0, 0, 0, 0, 0, 0, 0, 0, 0, 0, 0, 0, 0, 0, 0, 0, 0, 0, 0, 0, 0, 0, 0, 0, 0, 0, 0, 0, 0, 0, 0, 0, 0, 0, 0, 0, 0, 0, 0, 0, 0, 0, 0, 0, 0, 0, 0, 0, 0, 0, 0, 0, 0, 0, 0, 0, 0, 0, 0, 0, 0, 0, 0, 0, 0, 0, 0, 0, 0, 0, 0, 0, 0, 0, 0, 0, 0, 0, 0, 0, 0, 0, 0, 0, 0, 0, 0, 0, 0, 0, 0, 0, 0, 0, 0, 0, 0, 0, 0, 0, 0, 0, 0, 0, 0, 0, 0, 0, 0, 0, 0, 0, 0, 0, 0, 0, 0, 0, 0, 0, 0, 0, 0, 108, 94, 112, 191, 179, 106, 148, 191, 0, 0, 0, 0, 0, 0, 0, 0, 23, 153, 102, 191, 188, 243, 144, 191, 0, 0, 0, 0, 0, 0, 0, 0, 141, 55, 100, 191, 184, 13, 146, 191, 0, 0, 0, 0, 0, 0, 0, 0, 48, 9, 97, 191, 58, 163, 146, 191, 0, 0, 0, 0, 0, 0, 0, 0, 250, 197, 92, 191, 74, 125, 146, 191, 0, 0, 0, 0, 0, 0, 0, 0, 31, 226, 91, 191, 55, 148, 148, 191, 0, 0, 0, 0, 0, 0, 0, 0, 6, 235, 84, 191, 150, 135, 146, 191, 0, 0, 0, 0, 0, 0, 0, 0, 201, 124, 78, 191, 98, 190, 144, 191, 0, 0, 0, 0, 0, 0, 0, 0, 232, 39, 78, 191, 63, 54, 147, 191, 0, 0, 0, 0, 0, 0, 0, 0, 237, 73, 75, 191, 19, 229, 147, 191, 0, 0, 0, 0, 0, 0, 0, 0, 39, 213, 67, 191, 15, 43, 145, 191, 0, 0, 0, 0, 0, 0, 0, 0, 237, 224, 63, 191, 36, 243, 144, 191, 0, 0, 0, 0, 0, 0, 0, 0, 13, 224, 62, 191, 90, 246, 146, 191, 0, 0, 0, 0, 0, 0, 0, 0, 214, 150, 56, 191, 242, 223, 144, 191, 0, 0, 0, 0, 0, 0, 0, 0, 48, 213, 52, 191, 158, 178, 144, 191, 0, 0, 0, 0, 0, 0, 0, 0, 172, 42, 50, 191, 65, 95, 145, 191, 0, 0, 0, 0, 0, 0, 0, 0, 242, 105, 48, 191, 96, 205, 146, 191, 0, 0, 0, 0, 0, 0, 0, 0, 222, 162, 43, 191, 5, 177, 145, 191, 0, 0, 0, 0, 0, 0, 0, 0, 82, 153, 41, 191, 212, 224, 146, 191, 0, 0, 0, 0, 0, 0, 0, 0, 211, 127, 35, 191, 72, 126, 144, 191, 0, 0, 0, 0, 0, 0, 0, 0, 232, 117, 34, 191, 105, 139, 146, 191, 0, 0, 0, 0, 0, 0, 0, 0, 66, 153, 28, 191, 238, 53, 144, 191, 0, 0, 0, 0, 0, 0, 0, 0, 222, 213, 25, 191, 149, 169, 144, 191, 0, 0, 0, 0, 0, 0, 0, 0, 106, 31, 22, 191, 89, 49, 144, 191, 0, 0, 0, 0, 0, 0, 0, 0, 177, 34, 19, 191, 214, 98, 144, 191, 0, 0, 0, 0, 0, 0, 0, 0, 206, 221, 17, 191, 92, 72, 146, 191, 0, 0, 0, 0, 0, 0, 0, 0, 151, 188, 13, 191, 138, 77, 145, 191, 0, 0, 0, 0, 0, 0, 0, 0, 57, 195, 9, 191, 244, 105, 144, 191, 0, 0, 0, 0, 0, 0, 0, 0, 120, 150, 6, 191, 61, 80, 144, 191, 0, 0, 0, 0, 0, 0, 0, 0, 78, 109, 3, 191, 66, 50, 144, 191, 0, 0, 0, 0, 0, 0, 0, 0, 170, 215, 1, 191, 18, 209, 145, 191, 0, 0, 0, 0, 0, 0, 0, 0, 8, 233, 250, 190, 199, 67, 144, 191, 0, 0, 0, 0, 0, 0, 0, 0, 5, 119, 245, 190, 46, 146, 144, 191, 0, 0, 0, 0, 0, 0, 0, 0, 18, 21, 179, 190, 94, 44, 88, 191, 0, 0, 0, 0, 0, 0, 0, 0, 144, 252, 163, 190, 55, 241, 74, 191, 0, 0, 0, 0, 0, 0, 0, 0, 203, 64, 163, 190, 13, 57, 79, 191, 0, 0, 0, 0, 0, 0, 0, 0, 227, 144, 162, 190, 80, 192, 83, 191, 0, 0, 0, 0, 0, 0, 0, 0, 138, 233, 161, 190, 100, 135, 88, 191, 0, 0, 0, 0, 0, 0, 0, 0, 55, 142, 163, 190, 59, 175, 96, 191, 0, 0, 0, 0, 0, 0, 0, 0, 139, 55, 163, 190, 13, 117, 102, 191, 0, 0, 0, 0, 0, 0, 0, 0, 191, 5, 163, 190, 83, 186, 108, 191, 0, 0, 0, 0, 0, 0, 0, 0, 197, 88, 160, 190, 117, 157, 111, 191, 0, 0, 0, 0, 0, 0, 0, 0, 65, 246, 162, 190, 90, 198, 122, 191, 0, 0, 0, 0, 0, 0, 0, 0, 223, 168, 163, 190, 68, 196, 129, 191, 0, 0, 0, 0, 0, 0, 0, 0, 56, 246, 164, 190, 131, 228, 134, 191, 0, 0, 0, 0, 0, 0, 0, 0, 37, 86, 165, 190, 251, 138, 139, 191, 0, 0, 0, 0, 0, 0, 0, 0, 153, 23, 167, 190, 101, 174, 145, 191, 0, 0, 0, 0, 0, 0, 0, 0, 255, 26, 166, 190, 150, 189, 149, 191, 0, 0, 0, 0, 0, 0, 0, 0, 26, 41, 168, 190, 186, 229, 156, 191, 0, 0, 0, 0, 0, 0, 0, 0, 130, 140, 167, 190, 162, 247, 161, 191, 0, 0, 0, 0, 0, 0, 0, 0, 161, 240, 169, 190, 74, 102, 170, 191, 0, 0, 0, 0, 0, 0, 0, 0, 204, 123, 169, 190, 56, 125, 176, 191, 0, 0, 0, 0, 0, 0, 0, 0, 116, 126, 171, 190, 14, 181, 185, 191, 0, 0, 0, 0, 0, 0, 0, 0, 100, 217, 181, 190, 178, 17, 205, 191, 0, 0, 0, 0, 0, 0, 0, 0, 112, 121, 179, 190, 153, 23, 211, 191, 0, 0, 0, 0, 0, 0, 0, 0, 254, 202, 171, 190, 114, 25, 211, 191, 0, 0, 0, 0, 0, 0, 0, 0, 250, 181, 164, 190, 213, 215, 211, 191, 0, 0, 0, 0, 0, 0, 0, 0, 230, 174, 157, 190, 162, 178, 212, 191, 0, 0, 0, 0, 0, 0, 0, 0, 8, 224, 150, 190, 132, 234, 213, 191, 0, 0, 0, 0, 0, 0, 0, 0, 127, 16, 143, 190, 107, 187, 213, 191, 0, 0, 0, 0, 0, 0, 0, 0, 158, 193, 133, 190, 218, 32, 211, 191, 0, 0, 0, 0, 0, 0, 0, 0, 85, 148, 126, 190, 100, 238, 212, 191, 0, 0, 0, 0, 0, 0, 0, 0, 247, 253, 110, 190, 41, 145, 212, 191, 0, 0, 0, 0, 0, 0, 0, 0, 41, 53, 95, 190, 106, 238, 211, 191, 0, 0, 0, 0, 0, 0, 0, 0, 16, 39, 81, 190, 210, 237, 212, 191, 0, 0, 0, 0, 0, 0, 0, 0, 34, 168, 64, 190, 89, 94, 211, 191, 0, 0, 0, 0, 0, 0, 0, 0, 188, 8, 52, 190, 219, 29, 214, 191, 0, 0, 0, 0, 0, 0, 0, 0, 178, 150, 36, 190, 245, 170, 213, 191, 0, 0, 0, 0, 0, 0, 0, 0, 216, 5, 22, 190, 105, 89, 214, 191, 0, 0, 0, 0, 0, 0, 0, 0, 193, 22, 6, 190, 53, 249, 212, 191, 0, 0, 0, 0, 0, 0, 0, 0, 188, 0, 240, 189, 38, 132, 214, 191, 0, 0, 0, 0, 0, 0, 0, 0, 183, 138, 208, 189, 21, 27, 213, 191, 0, 0, 0, 0, 0, 0, 0, 0, 1, 163, 179, 189, 233, 59, 214, 191, 0, 0, 0, 0, 0, 0, 0, 0, 102, 69, 149, 189, 57, 175, 213, 191, 0, 0, 0, 0, 0, 0, 0, 0, 52, 110, 109, 189, 127, 122, 212, 191, 0, 0, 0, 0, 0, 0, 0, 0, 126, 214, 50, 189, 76, 110, 213, 191, 0, 0, 0, 0, 0, 0, 0, 0, 225, 227, 237, 188, 166, 245, 212, 191, 0, 0, 0, 0, 0, 0, 0, 0, 5, 118, 111, 188, 80, 100, 214, 191, 0, 0, 0, 0, 0, 0, 0, 0, 225, 34, 177, 53, 203, 161, 213, 191, 0, 0, 0, 0, 0, 0, 0, 0, 115, 55, 109, 60, 11, 88, 212, 191, 0, 0, 0, 0, 0, 0, 0, 0, 100, 50, 237, 60, 214, 81, 212, 191, 0, 0, 0, 0, 0, 0, 0, 0, 222, 143, 49, 61, 56, 229, 211, 191, 0, 0, 0, 0, 0, 0, 0, 0, 98, 149, 108, 61, 1, 182, 211, 191, 0, 0, 0, 0, 0, 0, 0, 0, 88, 66, 150, 61, 81, 23, 215, 191, 0, 0, 0, 0, 0, 0, 0, 0, 69, 219, 179, 61, 90, 125, 214, 191, 0, 0, 0, 0, 0, 0, 0, 0, 17, 12, 208, 61, 64, 152, 212, 191, 0, 0, 0, 0, 0, 0, 0, 0, 135, 221, 237, 61, 210, 153, 212, 191, 0, 0, 0, 0, 0, 0, 0, 0, 205, 178, 7, 62, 139, 134, 215, 191, 0, 0, 0, 0, 0, 0, 0, 0, 98, 29, 22, 62, 11, 122, 214, 191, 0, 0, 0, 0, 0, 0, 0, 0, 66, 181, 35, 62, 102, 133, 212, 191, 0, 0, 0, 0, 0, 0, 0, 0, 5, 101, 51, 62, 81, 90, 213, 191, 0, 0, 0, 0, 0, 0, 0, 0, 57, 150, 65, 62, 204, 98, 212, 191, 0, 0, 0, 0, 0, 0, 0, 0, 192, 39, 81, 62, 208, 237, 212, 191, 0, 0, 0, 0, 0, 0, 0, 0, 92, 37, 96, 62, 208, 209, 212, 191, 0, 0, 0, 0, 0, 0, 0, 0, 2, 71, 112, 62, 49, 181, 213, 191, 0, 0, 0, 0, 0, 0, 0, 0, 130, 125, 127, 62, 212, 176, 213, 191, 0, 0, 0, 0, 0, 0, 0, 0, 9, 51, 135, 62, 103, 103, 213, 191, 0, 0, 0, 0, 0, 0, 0, 0, 241, 207, 142, 62, 115, 90, 213, 191, 0, 0, 0, 0, 0, 0, 0, 0, 148, 110, 150, 62, 38, 73, 213, 191, 0, 0, 0, 0, 0, 0, 0, 0, 34, 199, 157, 62, 214, 210, 212, 191, 0, 0, 0, 0, 0, 0, 0, 0, 128, 145, 166, 62, 247, 58, 214, 191, 0, 0, 0, 0, 0, 0, 0, 0, 4, 167, 174, 62, 131, 156, 214, 191, 0, 0, 0, 0, 0, 0, 0, 0, 146, 198, 182, 62, 49, 249, 214, 191, 0, 0, 0, 0, 0, 0, 0, 0, 104, 41, 190, 62, 6, 113, 214, 191, 0, 0, 0, 0, 0, 0, 0, 0, 255, 211, 199, 62, 94, 99, 216, 191, 0, 0, 0, 0, 0, 0, 0, 0, 72, 229, 206, 62, 51, 114, 215, 191, 0, 0, 0, 0, 0, 0, 0, 0, 140, 172, 212, 62, 109, 63, 213, 191, 0, 0, 0, 0, 0, 0, 0, 0, 57, 251, 219, 62, 217, 166, 212, 191, 0, 0, 0, 0, 0, 0, 0, 0, 67, 249, 230, 62, 128, 128, 215, 191, 0, 0, 0, 0, 0, 0, 0, 0, 204, 229, 238, 62, 34, 92, 215, 191, 0, 0, 0, 0, 0, 0, 0, 0, 41, 176, 246, 62, 156, 19, 215, 191, 0, 0, 0, 0, 0, 0, 0, 0, 138, 117, 253, 62, 165, 234, 213, 191, 0, 0, 0, 0, 0, 0, 0, 0, 128, 21, 2, 63, 82, 190, 212, 191, 0, 0, 0, 0, 0, 0, 0, 0, 107, 104, 6, 63, 245, 36, 213, 191, 0, 0, 0, 0, 0, 0, 0, 0, 118, 180, 11, 63, 8, 252, 214, 191, 0, 0, 0, 0, 0, 0, 0, 0, 152, 67, 16, 63, 163, 148, 215, 191, 0, 0, 0, 0, 0, 0, 0, 0, 90, 5, 19, 63, 153, 125, 213, 191, 0, 0, 0, 0, 0, 0, 0, 0, 141, 152, 23, 63, 46, 12, 214, 191, 0, 0, 0, 0, 0, 0, 0, 0, 34, 42, 29, 63, 101, 231, 215, 191, 0, 0, 0, 0, 0, 0, 0, 0, 246, 118, 33, 63, 229, 237, 215, 191, 0, 0, 0, 0, 0, 0, 0, 0, 156, 128, 37, 63, 54, 147, 215, 191, 0, 0, 0, 0, 0, 0, 0, 0, 26, 226, 40, 63, 75, 94, 214, 191, 0, 0, 0, 0, 0, 0, 0, 0, 126, 14, 46, 63, 74, 103, 215, 191, 0, 0, 0, 0, 0, 0, 0, 0, 87, 187, 48, 63, 196, 85, 213, 191, 0, 0, 0, 0, 0, 0, 0, 0, 211, 242, 52, 63, 23, 37, 213, 191, 0, 0, 0, 0, 0, 0, 0, 0, 244, 106, 59, 63, 64, 132, 215, 191, 0, 0, 0, 0, 0, 0, 0, 0, 29, 140, 62, 63, 50, 253, 213, 191, 0, 0, 0, 0, 0, 0, 0, 0, 200, 237, 68, 63, 183, 15, 216, 191, 0, 0, 0, 0, 0, 0, 0, 0, 179, 59, 73, 63, 33, 198, 215, 191, 0, 0, 0, 0, 0, 0, 0, 0, 60, 54, 77, 63, 103, 30, 215, 191, 0, 0, 0, 0, 0, 0, 0, 0, 31, 78, 82, 63, 129, 152, 215, 191, 0, 0, 0, 0, 0, 0, 0, 0, 35, 125, 85, 63, 222, 24, 214, 191, 0, 0, 0, 0, 0, 0, 0, 0, 228, 144, 89, 63, 232, 127, 213, 191, 0, 0, 0, 0, 0, 0, 0, 0, 186, 121, 96, 63, 147, 155, 215, 191, 0, 0, 0, 0, 0, 0, 0, 0, 179, 212, 100, 63, 102, 47, 215, 191, 0, 0, 0, 0, 0, 0, 0, 0, 163, 116, 104, 63, 232, 16, 214, 191, 0, 0, 0, 0, 0, 0, 0, 0, 43, 43, 110, 63, 185, 213, 214, 191, 0, 0, 0, 0, 0, 0, 0, 0, 134, 172, 115, 63, 223, 88, 215, 191, 0, 0, 0, 0, 0, 0, 0, 0, 194, 212, 120, 63, 193, 126, 215, 191, 0, 0, 0, 0, 0, 0, 0, 0, 34, 13, 127, 63, 38, 127, 216, 191, 0, 0, 0, 0, 0, 0, 0, 0, 28, 223, 129, 63, 197, 36, 216, 191, 0, 0, 0, 0, 0, 0, 0, 0, 219, 72, 131, 63, 244, 60, 214, 191, 0, 0, 0, 0, 0, 0, 0, 0, 166, 233, 134, 63, 22, 232, 215, 191, 0, 0, 0, 0, 0, 0, 0, 0, 15, 185, 136, 63, 244, 156, 214, 191, 0, 0, 0, 0, 0, 0, 0, 0, 28, 252, 139, 63, 14, 143, 215, 191, 0, 0, 0, 0, 0, 0, 0, 0, 128, 217, 142, 63, 199, 210, 215, 191, 0, 0, 0, 0, 0, 0, 0, 0, 171, 150, 146, 63, 221, 83, 217, 191, 0, 0, 0, 0, 0, 0, 0, 0, 7, 156, 147, 63, 52, 198, 214, 191, 0, 0, 0, 0, 0, 0, 0, 0, 74, 242, 150, 63, 49, 147, 215, 191, 0, 0, 0, 0, 0, 0, 0, 0, 231, 21, 154, 63, 100, 5, 216, 191, 0, 0, 0, 0, 0, 0, 0, 0, 239, 100, 157, 63, 190, 162, 216, 191, 0, 0, 0, 0, 0, 0, 0, 0, 183, 146, 160, 63, 208, 0, 217, 191, 0, 0, 0, 0, 0, 0, 0, 0, 147, 98, 163, 63, 2, 210, 216, 191, 0, 0, 0, 0, 0, 0, 0, 0, 254, 208, 165, 63, 222, 24, 216, 191, 0, 0, 0, 0, 0, 0, 0, 0, 113, 49, 169, 63, 240, 142, 216, 191, 0, 0, 0, 0, 0, 0, 0, 0, 244, 191, 172, 63, 100, 45, 217, 191, 0, 0, 0, 0, 0, 0, 0, 0, 237, 245, 174, 63, 55, 15, 216, 191, 0, 0, 0, 0, 0, 0, 0, 0, 3, 209, 177, 63, 169, 181, 215, 191, 0, 0, 0, 0, 0, 0, 0, 0, 14, 216, 180, 63, 191, 133, 215, 191, 0, 0, 0, 0, 0, 0, 0, 0, 82, 139, 185, 63, 209, 62, 217, 191, 0, 0, 0, 0, 0, 0, 0, 0, 12, 153, 124, 63, 123, 74, 145, 191, 0, 0, 0, 0, 0, 0, 0, 0, 9, 245, 88, 63, 1, 58, 117, 191, 0, 0, 0, 0, 0, 0, 0, 0, 130, 232, 65, 63, 157, 91, 87, 191, 0, 0, 0, 0, 0, 0, 0, 0, 241, 37, 64, 63, 164, 177, 81, 191, 0, 0, 0, 0, 0, 0, 0, 0, 114, 110, 61, 63, 39, 36, 75, 191, 0, 0, 0, 0, 0, 0, 0, 0, 162, 246, 61, 63, 56, 46, 72, 191, 0, 0, 0, 0, 0, 0, 0, 0, 1, 83, 60, 63, 45, 4, 67, 191, 0, 0, 0, 0, 0, 0, 0, 0, 20, 156, 58, 63, 110, 229, 61, 191, 0, 0, 0, 0, 0, 0, 0, 0, 30, 137, 59, 63, 84, 137, 59, 191, 0, 0, 0, 0, 0, 0, 0, 0, 221, 224, 57, 63, 184, 169, 54, 191, 0, 0, 0, 0, 0, 0, 0, 0, 143, 112, 57, 63, 233, 19, 51, 191, 0, 0, 0, 0, 0, 0, 0, 0, 207, 254, 58, 63, 229, 115, 49, 191, 0, 0, 0, 0, 0, 0, 0, 0, 25, 11, 56, 63, 185, 159, 43, 191, 0, 0, 0, 0, 0, 0, 0, 0, 54, 117, 55, 63, 222, 27, 40, 191, 0, 0, 0, 0, 0, 0, 0, 0, 29, 100, 59, 63, 119, 186, 40, 191, 0, 0, 0, 0, 0, 0, 0, 0, 206, 229, 59, 63, 15, 61, 38, 191, 0, 0, 0, 0, 0, 0, 0, 0, 89, 87, 61, 63, 173, 151, 36, 191, 0, 0, 0, 0, 0, 0, 0, 0, 228, 42, 70, 63, 116, 64, 41, 191, 0, 0, 0, 0, 0, 0, 0, 0, 186, 42, 75, 63, 93, 122, 42, 191, 0, 0, 0, 0, 0, 0, 0, 0, 69, 1, 80, 63, 126, 119, 43, 191, 0, 0, 0, 0, 0, 0, 0, 0, 199, 25, 80, 63, 112, 132, 40, 191, 0, 0, 0, 0, 0, 0, 0, 0, 238, 92, 81, 63, 26, 137, 38, 191, 0, 0, 0, 0, 0, 0, 0, 0, 18, 198, 78, 63, 205, 140, 33, 191, 0, 0, 0, 0, 0, 0, 0, 0, 254, 40, 79, 63, 209, 245, 30, 191, 0, 0, 0, 0, 0, 0, 0, 0, 204, 44, 82, 63, 254, 96, 30, 191, 0, 0, 0, 0, 0, 0, 0, 0, 228, 208, 78, 63, 82, 9, 25, 191, 0, 0, 0, 0, 0, 0, 0, 0, 194, 36, 80, 63, 206, 57, 23, 191, 0, 0, 0, 0, 0, 0, 0, 0, 194, 84, 83, 63, 219, 189, 22, 191, 0, 0, 0, 0, 0, 0, 0, 0, 129, 68, 85, 63, 11, 85, 21, 191, 0, 0, 0, 0, 0, 0, 0, 0, 22, 158, 87, 63, 192, 48, 20, 191, 0, 0, 0, 0, 0, 0, 0, 0, 179, 83, 89, 63, 233, 150, 18, 191, 0, 0, 0, 0, 0, 0, 0, 0, 248, 155, 87, 63, 145, 181, 14, 191, 0, 0, 0, 0, 0, 0, 0, 0, 51, 215, 85, 63, 204, 222, 10, 191, 0, 0, 0, 0, 0, 0, 0, 0, 205, 156, 86, 63, 77, 185, 8, 191, 0, 0, 0, 0, 0, 0, 0, 0, 118, 170, 88, 63, 112, 99, 7, 191, 0, 0, 0, 0, 0, 0, 0, 0, 207, 214, 89, 63, 22, 126, 5, 191, 0, 0, 0, 0, 0, 0, 0, 0, 250, 148, 88, 63, 216, 34, 2, 191, 0, 0, 0, 0, 0, 0, 0, 0, 188, 34, 92, 63, 158, 171, 1, 191, 0, 0, 0, 0, 0, 0, 0, 0, 25, 36, 96, 63, 142, 104, 1, 191, 0, 0, 0, 0, 0, 0, 0, 0, 123, 239, 99, 63, 211, 245, 0, 191, 0, 0, 0, 0, 0, 0, 0, 0, 170, 89, 96, 63, 70, 184, 248, 190, 0, 0, 0, 0, 0, 0, 0, 0, 244, 31, 118, 63, 173, 162, 5, 191, 0, 0, 0, 0, 0, 0, 0, 0, 176, 253, 150, 63, 62, 145, 32, 191, 0, 0, 0, 0, 0, 0, 0, 0, 183, 53, 150, 63, 167, 99, 28, 191, 0, 0, 0, 0, 0, 0, 0, 0, 171, 13, 153, 63, 75, 248, 27, 191, 0, 0, 0, 0, 0, 0, 0, 0, 140, 170, 151, 63, 148, 60, 23, 191, 0, 0, 0, 0, 0, 0, 0, 0, 74, 161, 151, 63, 22, 233, 19, 191, 0, 0, 0, 0, 0, 0, 0, 0, 68, 29, 151, 63, 5, 40, 16, 191, 0, 0, 0, 0, 0, 0, 0, 0, 214, 147, 150, 63, 120, 110, 12, 191, 0, 0, 0, 0, 0, 0, 0, 0, 199, 213, 150, 63, 202, 122, 9, 191, 0, 0, 0, 0, 0, 0, 0, 0, 134, 66, 150, 63, 245, 204, 5, 191, 0, 0, 0, 0, 0, 0, 0, 0, 232, 109, 149, 63, 180, 242, 1, 191, 0, 0, 0, 0, 0, 0, 0, 0, 201, 102, 149, 63, 128, 171, 253, 190, 0, 0, 0, 0, 0, 0, 0, 0, 48, 152, 149, 63, 130, 219, 247, 190, 0, 0, 0, 0, 0, 0, 0, 0, 235, 93, 150, 63, 132, 2, 243, 190, 0, 0, 0, 0, 0, 0, 0, 0, 38, 33, 151, 63, 140, 32, 238, 190, 0, 0, 0, 0, 0, 0, 0, 0, 20, 134, 151, 63, 196, 168, 232, 190, 0, 0, 0, 0, 0, 0, 0, 0, 245, 127, 158, 63, 56, 11, 237, 190, 0, 0, 0, 0, 0, 0, 0, 0, 133, 95, 23, 64, 228, 97, 92, 191, 0, 0, 0, 0, 0, 0, 0, 0, 87, 221, 26, 64, 230, 92, 91, 191, 0, 0, 0, 0, 0, 0, 0, 0, 96, 29, 34, 64, 150, 72, 95, 191, 0, 0, 0, 0, 0, 0, 0, 0, 36, 68, 37, 64, 186, 48, 93, 191, 0, 0, 0, 0, 0, 0, 0, 0, 208, 10, 172, 64, 211, 153, 223, 191, 0, 0, 0, 0, 0, 0, 0, 0, 179, 63, 172, 64, 152, 61, 217, 191, 0, 0, 0, 0, 0, 0, 0, 0, 171, 26, 172, 64, 168, 120, 210, 191, 0, 0, 0, 0, 0, 0, 0, 0, 156, 178, 171, 64, 25, 112, 203, 191, 0, 0, 0, 0, 0, 0, 0, 0, 110, 42, 172, 64, 220, 120, 197, 191, 0, 0, 0, 0, 0, 0, 0, 0, 254, 79, 172, 64, 168, 37, 191, 191, 0, 0, 0, 0, 0, 0, 0, 0, 18, 3, 172, 64, 242, 92, 184, 191, 0, 0, 0, 0, 0, 0, 0, 0, 252, 32, 172, 64, 54, 16, 178, 191, 0, 0, 0, 0, 0, 0, 0, 0, 207, 122, 172, 64, 105, 4, 172, 191, 0, 0, 0, 0, 0, 0, 0, 0, 41, 250, 171, 64, 70, 39, 165, 191, 0, 0, 0, 0, 0, 0, 0, 0, 184, 84, 172, 64, 225, 36, 159, 191, 0, 0, 0, 0, 0, 0, 0, 0, 240, 107, 172, 64, 165, 230, 152, 191, 0, 0, 0, 0, 0, 0, 0, 0, 74, 223, 171, 64, 164, 33, 146, 191, 0, 0, 0, 0, 0, 0, 0, 0, 93, 87, 172, 64, 9, 65, 140, 191, 0, 0, 0, 0, 0, 0, 0, 0, 239, 147, 172, 64, 33, 47, 134, 191, 0, 0, 0, 0, 0, 0, 0, 0, 67, 84, 172, 64, 78, 132, 127, 191, 0, 0, 0, 0, 0, 0, 0, 0, 222, 145, 172, 64, 148, 110, 115, 191, 0, 0, 0, 0, 0, 0, 0, 0, 73, 123, 172, 64, 17, 233, 102, 191, 0, 0, 0, 0, 0, 0, 0, 0, 138, 137, 172, 64, 184, 158, 90, 191, 0, 0, 0, 0, 0, 0, 0, 0, 253, 123, 172, 64, 213, 57, 78, 191, 0, 0, 0, 0, 0, 0, 0, 0, 57, 131, 172, 64, 121, 246, 65, 191, 0, 0, 0, 0, 0, 0, 0, 0, 31, 78, 172, 64, 61, 122, 53, 191, 0, 0, 0, 0, 0, 0, 0, 0, 231, 175, 172, 64, 246, 160, 41, 191, 0, 0, 0, 0, 0, 0, 0, 0, 157, 164, 172, 64, 31, 93, 29, 191, 0, 0, 0, 0, 0, 0, 0, 0, 157, 247, 172, 64, 95, 112, 17, 191, 0, 0, 0, 0, 0, 0, 0, 0, 120, 185, 173, 64, 10, 211, 5, 191, 0, 0, 0, 0, 0, 0, 0, 0, 66, 14, 155, 63, 202, 13, 217, 189, 0, 0, 0, 0, 0, 0, 0, 0, 12, 125, 152, 63, 132, 5, 192, 189, 0, 0, 0, 0, 0, 0, 0, 0, 29, 14, 151, 63, 61, 2, 169, 189, 0, 0, 0, 0, 0, 0, 0, 0, 211, 226, 150, 63, 71, 169, 147, 189, 0, 0, 0, 0, 0, 0, 0, 0, 20, 115, 150, 63, 165, 81, 124, 189, 0, 0, 0, 0, 0, 0, 0, 0, 166, 71, 151, 63, 83, 94, 83, 189, 0, 0, 0, 0, 0, 0, 0, 0, 111, 19, 151, 63, 105, 212, 40, 189, 0, 0, 0, 0, 0, 0, 0, 0, 45, 214, 149, 63, 92, 32, 251, 188, 0, 0, 0, 0, 0, 0, 0, 0, 217, 114, 153, 63, 215, 111, 171, 188, 0, 0, 0, 0, 0, 0, 0, 0, 214, 139, 151, 63, 105, 80, 41, 188, 0, 0, 0, 0, 0, 0, 0, 0, 177, 114, 152, 63, 108, 196, 255, 181, 0, 0, 0, 0, 0, 0, 0, 0, 163, 217, 153, 63, 58, 211, 43, 60, 0, 0, 0, 0, 0, 0, 0, 0, 171, 22, 154, 63, 200, 30, 172, 60, 0, 0, 0, 0, 0, 0, 0, 0, 220, 41, 153, 63, 223, 85, 0, 61, 0, 0, 0, 0, 0, 0, 0, 0, 37, 195, 153, 63, 231, 208, 43, 61, 0, 0, 0, 0, 0, 0, 0, 0, 113, 193, 155, 63, 35, 155, 89, 61, 0, 0, 0, 0, 0, 0, 0, 0, 2, 144, 155, 63, 97, 112, 130, 61, 0, 0, 0, 0, 0, 0, 0, 0, 134, 64, 156, 63, 142, 231, 152, 61, 0, 0, 0, 0, 0, 0, 0, 0, 166, 41, 156, 63, 32, 183, 174, 61, 0, 0, 0, 0, 0, 0, 0, 0, 103, 48, 156, 63, 108, 172, 196, 61, 0, 0, 0, 0, 0, 0, 0, 0, 30, 64, 152, 63, 125, 30, 213, 61, 0, 0, 0, 0, 0, 0, 0, 0, 170, 59, 131, 63, 115, 45, 202, 61, 0, 0, 0, 0, 0, 0, 0, 0, 211, 87, 126, 63, 100, 219, 213, 61, 0, 0, 0, 0, 0, 0, 0, 0, 80, 160, 127, 63, 2, 255, 232, 61, 0, 0, 0, 0, 0, 0, 0, 0, 255, 75, 123, 63, 250, 214, 246, 61, 0, 0, 0, 0, 0, 0, 0, 0, 77, 81, 126, 63, 175, 236, 5, 62, 0, 0, 0, 0, 0, 0, 0, 0, 14, 38, 128, 63, 75, 20, 16, 62, 0, 0, 0, 0, 0, 0, 0, 0, 80, 0, 149, 63, 37, 37, 50, 62, 0, 0, 0, 0, 0, 0, 0, 0, 157, 222, 154, 63, 187, 58, 68, 62, 0, 0, 0, 0, 0, 0, 0, 0, 253, 133, 154, 63, 95, 221, 78, 62, 0, 0, 0, 0, 0, 0, 0, 0, 210, 104, 153, 63, 87, 102, 88, 62, 0, 0, 0, 0, 0, 0, 0, 0, 87, 107, 153, 63, 128, 121, 99, 62, 0, 0, 0, 0, 0, 0, 0, 0, 211, 8, 152, 63, 3, 107, 108, 62, 0, 0, 0, 0, 0, 0, 0, 0, 79, 7, 154, 63, 150, 178, 122, 62, 0, 0, 0, 0, 0, 0, 0, 0, 111, 223, 152, 63, 181, 249, 129, 62, 0, 0, 0, 0, 0, 0, 0, 0, 131, 85, 150, 63, 221, 79, 133, 62, 0, 0, 0, 0, 0, 0, 0, 0, 4, 9, 151, 63, 210, 121, 139, 62, 0, 0, 0, 0, 0, 0, 0, 0, 70, 248, 151, 63, 23, 240, 145, 62, 0, 0, 0, 0, 0, 0, 0, 0, 219, 171, 147, 63, 249, 69, 147, 62, 0, 0, 0, 0, 0, 0, 0, 0, 42, 88, 147, 63, 33, 108, 152, 62, 0, 0, 0, 0, 0, 0, 0, 0, 96, 220, 148, 63, 42, 140, 159, 62, 0, 0, 0, 0, 0, 0, 0, 0, 165, 48, 144, 63, 224, 242, 159, 62, 0, 0, 0, 0, 0, 0, 0, 0, 240, 95, 141, 63, 59, 39, 162, 62, 0, 0, 0, 0, 0, 0, 0, 0, 214, 94, 162, 63, 88, 98, 192, 62, 0, 0, 0, 0, 0, 0, 0, 0, 68, 206, 209, 63, 144, 73, 0, 63, 0, 0, 0, 0, 0, 0, 0, 0, 75, 28, 16, 64, 32, 192, 53, 63, 0, 0, 0, 0, 0, 0, 0, 0, 109, 132, 13, 64, 17, 237, 55, 63, 0, 0, 0, 0, 0, 0, 0, 0, 183, 15, 21, 64, 252, 127, 71, 63, 0, 0, 0, 0, 0, 0, 0, 0, 207, 215, 13, 64, 97, 92, 67, 63, 0, 0, 0, 0, 0, 0, 0, 0, 217, 243, 20, 64, 132, 252, 82, 63, 0, 0, 0, 0, 0, 0, 0, 0, 100, 218, 31, 64, 216, 185, 104, 63, 0, 0, 0, 0, 0, 0, 0, 0, 64, 35, 33, 64, 142, 252, 112, 63, 0, 0, 0, 0, 0, 0, 0, 0, 31, 80, 2, 64, 197, 22, 72, 63, 0, 0, 0, 0, 0, 0, 0, 0, 79, 93, 204, 63, 126, 0, 33, 63, 0, 0, 0, 0, 0, 0, 0, 0, 253, 130, 180, 63, 190, 220, 17, 63, 0, 0, 0, 0, 0, 0, 0, 0, 129, 225, 170, 63, 207, 143, 13, 63, 0, 0, 0, 0, 0, 0, 0, 0, 109, 56, 185, 63, 255, 61, 29, 63, 0, 0, 0, 0, 0, 0, 0, 0, 137, 137, 232, 63, 39, 56, 74, 63, 0, 0, 0, 0, 0, 0, 0, 0, 222, 149, 241, 63, 229, 30, 87, 63, 0, 0, 0, 0, 0, 0, 0, 0, 121, 58, 246, 63, 181, 108, 96, 63, 0, 0, 0, 0, 0, 0, 0, 0, 173, 37, 235, 63, 16, 77, 91, 63, 0, 0, 0, 0, 0, 0, 0, 0, 106, 142, 226, 63, 113, 31, 88, 63, 0, 0, 0, 0, 0, 0, 0, 0, 136, 118, 221, 63, 88, 7, 88, 63, 0, 0, 0, 0, 0, 0, 0, 0, 77, 0, 222, 63, 225, 94, 93, 63, 0, 0, 0, 0, 0, 0, 0, 0, 216, 152, 221, 63, 98, 209, 97, 63, 0, 0, 0, 0, 0, 0, 0, 0, 31, 9, 220, 63, 248, 21, 101, 63, 0, 0, 0, 0, 0, 0, 0, 0, 116, 111, 223, 63, 199, 154, 109, 63, 0, 0, 0, 0, 0, 0, 0, 0, 107, 199, 208, 63, 249, 182, 98, 63, 0, 0, 0, 0, 0, 0, 0, 0, 158, 100, 200, 63, 155, 40, 94, 63, 0, 0, 0, 0, 0, 0, 0, 0, 51, 217, 194, 63, 171, 122, 92, 63, 0, 0, 0, 0, 0, 0, 0, 0, 188, 83, 192, 63, 90, 20, 94, 63, 0, 0, 0, 0, 0, 0, 0, 0, 65, 20, 183, 63, 218, 174, 87, 63, 0, 0, 0, 0, 0, 0, 0, 0, 134, 147, 164, 63, 50, 198, 69, 63, 0, 0, 0, 0, 0, 0, 0, 0, 111, 189, 155, 63, 229, 223, 62, 63, 0, 0, 0, 0, 0, 0, 0, 0, 236, 202, 154, 63, 39, 115, 65, 63, 0, 0, 0, 0, 0, 0, 0, 0, 224, 255, 151, 63, 14, 171, 65, 63, 0, 0, 0, 0, 0, 0, 0, 0, 36, 184, 150, 63, 134, 193, 67, 63, 0, 0, 0, 0, 0, 0, 0, 0, 152, 195, 146, 63, 14, 72, 66, 63, 0, 0, 0, 0, 0, 0, 0, 0, 206, 155, 147, 63, 64, 32, 71, 63, 0, 0, 0, 0, 0, 0, 0, 0, 16, 68, 149, 63, 180, 44, 77, 63, 0, 0, 0, 0, 0, 0, 0, 0, 230, 6, 154, 63, 123, 179, 87, 63, 0, 0, 0, 0, 0, 0, 0, 0, 107, 139, 169, 63, 141, 222, 113, 63, 0, 0, 0, 0, 0, 0, 0, 0, 188, 238, 169, 63, 2, 237, 118, 63, 0, 0, 0, 0, 0, 0, 0, 0, 85, 198, 169, 63, 180, 64, 123, 63, 0, 0, 0, 0, 0, 0, 0, 0, 167, 61, 167, 63, 162, 12, 124, 63, 0, 0, 0, 0, 0, 0, 0, 0, 125, 238, 165, 63, 159, 165, 126, 63, 0, 0, 0, 0, 0, 0, 0, 0, 11, 187, 166, 63, 145, 67, 130, 63, 0, 0, 0, 0, 0, 0, 0, 0, 144, 99, 166, 63, 246, 89, 132, 63, 0, 0, 0, 0, 0, 0, 0, 0, 224, 237, 164, 63, 132, 142, 133, 63, 0, 0, 0, 0, 0, 0, 0, 0, 10, 39, 164, 63, 10, 81, 135, 63, 0, 0, 0, 0, 0, 0, 0, 0, 180, 101, 166, 63, 162, 159, 139, 63, 0, 0, 0, 0, 0, 0, 0, 0, 213, 143, 165, 63, 33, 103, 141, 63, 0, 0, 0, 0, 0, 0, 0, 0, 69, 72, 168, 63, 5, 73, 146, 63, 0, 0, 0, 0, 0, 0, 0, 0, 74, 52, 169, 63, 238, 178, 149, 63, 0, 0, 0, 0, 0, 0, 0, 0, 153, 114, 180, 63, 181, 121, 162, 63, 0, 0, 0, 0, 0, 0, 0, 0, 172, 252, 239, 63, 53, 232, 219, 63, 0, 0, 0, 0, 0, 0, 0, 0, 20, 17, 254, 63, 166, 235, 236, 63, 0, 0, 0, 0, 0, 0, 0, 0, 25, 215, 244, 63, 29, 88, 232, 63, 0, 0, 0, 0, 0, 0, 0, 0, 203, 167, 252, 63, 107, 252, 243, 63, 0, 0, 0, 0, 0, 0, 0, 0, 21, 130, 248, 63, 46, 53, 244, 63, 0, 0, 0, 0, 0, 0, 0, 0, 3, 50, 244, 63, 226, 49, 244, 63, 0, 0, 0, 0, 0, 0, 0, 0, 234, 207, 239, 63, 189, 8, 244, 63, 0, 0, 0, 0, 0, 0, 0, 0, 14, 47, 235, 63, 26, 138, 243, 63, 0, 0, 0, 0, 0, 0, 0, 0, 174, 171, 230, 63, 92, 19, 243, 63, 0, 0, 0, 0, 0, 0, 0, 0, 193, 158, 226, 63, 20, 5, 243, 63, 0, 0, 0, 0, 0, 0, 0, 0, 155, 150, 222, 63, 123, 233, 242, 63, 0, 0, 0, 0, 0, 0, 0, 0, 112, 176, 219, 63, 53, 253, 243, 63, 0, 0, 0, 0, 0, 0, 0, 0, 69, 45, 215, 63, 115, 54, 243, 63, 0, 0, 0, 0, 0, 0, 0, 0, 99, 29, 211, 63, 252, 219, 242, 63, 0, 0, 0, 0, 0, 0, 0, 0, 176, 18, 208, 63, 41, 159, 243, 63, 0, 0, 0, 0, 0, 0, 0, 0, 120, 180, 204, 63, 24, 245, 243, 63, 0, 0, 0, 0, 0, 0, 0, 0, 208, 204, 199, 63, 90, 96, 242, 63, 0, 0, 0, 0, 0, 0, 0, 0, 150, 37, 196, 63, 127, 56, 242, 63, 0, 0, 0, 0, 0, 0, 0, 0, 93, 99, 193, 63, 42, 31, 243, 63, 0, 0, 0, 0, 0, 0, 0, 0, 55, 215, 189, 63, 10, 252, 242, 63, 0, 0, 0, 0, 0, 0, 0, 0, 108, 99, 186, 63, 214, 231, 242, 63, 0, 0, 0, 0, 0, 0, 0, 0, 235, 184, 183, 63, 171, 206, 243, 63, 0, 0, 0, 0, 0, 0, 0, 0, 176, 155, 179, 63, 222, 185, 242, 63, 0, 0, 0, 0, 0, 0, 0, 0, 165, 46, 177, 63, 179, 222, 243, 63, 0, 0, 0, 0, 0, 0, 0, 0, 139, 143, 173, 63, 157, 82, 243, 63, 0, 0, 0, 0, 0, 0, 0, 0, 134, 159, 170, 63, 183, 172, 243, 63, 0, 0, 0, 0, 0, 0, 0, 0, 207, 117, 166, 63, 94, 51, 242, 63, 0, 0, 0, 0, 0, 0, 0, 0, 142, 141, 163, 63, 15, 122, 242, 63, 0, 0, 0, 0, 0, 0, 0, 0, 60, 149, 160, 63, 44, 157, 242, 63, 0, 0, 0, 0, 0, 0, 0, 0, 52, 195, 157, 63, 187, 238, 242, 63, 0, 0, 0, 0, 0, 0, 0, 0, 151, 199, 153, 63, 160, 98, 241, 63, 0, 0, 0, 0, 0, 0, 0, 0, 124, 88, 152, 63, 180, 205, 243, 63, 0, 0, 0, 0, 0, 0, 0, 0, 73, 19, 149, 63, 178, 68, 243, 63, 0, 0, 0, 0, 0, 0, 0, 0, 62, 124, 146, 63, 191, 202, 243, 63, 0, 0, 0, 0, 0, 0, 0, 0, 25, 20, 142, 63, 109, 51, 241, 63, 0, 0, 0, 0, 0, 0, 0, 0, 8, 84, 139, 63, 179, 82, 241, 63, 0, 0, 0, 0, 0, 0, 0, 0, 145, 55, 137, 63, 153, 135, 242, 63, 0, 0, 0, 0, 0, 0, 0, 0, 55, 169, 134, 63, 41, 239, 242, 63, 0, 0, 0, 0, 0, 0, 0, 0, 238, 189, 131, 63, 67, 163, 242, 63, 0, 0, 0, 0, 0, 0, 0, 0, 136, 35, 129, 63, 192, 223, 242, 63, 0, 0, 0, 0, 0, 0, 0, 0, 41, 190, 65, 63, 112, 22, 186, 63, 0, 0, 0, 0, 0, 0, 0, 0, 57, 155, 57, 63, 201, 34, 182, 63, 0, 0, 0, 0, 0, 0, 0, 0, 241, 158, 53, 63, 13, 35, 182, 63, 0, 0, 0, 0, 0, 0, 0, 0, 37, 200, 51, 63, 145, 77, 184, 63, 0, 0, 0, 0, 0, 0, 0, 0, 89, 104, 53, 63, 236, 41, 190, 63, 0, 0, 0, 0, 0, 0, 0, 0, 146, 90, 52, 63, 91, 98, 193, 63, 0, 0, 0, 0, 0, 0, 0, 0, 134, 1, 53, 63, 254, 150, 198, 63, 0, 0, 0, 0, 0, 0, 0, 0, 13, 152, 53, 63, 180, 238, 203, 63, 0, 0, 0, 0, 0, 0, 0, 0, 159, 127, 53, 63, 68, 181, 208, 63, 0, 0, 0, 0, 0, 0, 0, 0, 26, 192, 54, 63, 244, 67, 215, 63, 0, 0, 0, 0, 0, 0, 0, 0, 7, 58, 44, 63, 26, 229, 207, 63, 0, 0, 0, 0, 0, 0, 0, 0, 12, 134, 44, 63, 28, 129, 213, 63, 0, 0, 0, 0, 0, 0, 0, 0, 33, 5, 54, 63, 135, 10, 231, 63, 0, 0, 0, 0, 0, 0, 0, 0, 112, 51, 54, 63, 205, 82, 237, 63, 0, 0, 0, 0, 0, 0, 0, 0, 88, 50, 59, 63, 173, 86, 250, 63, 0, 0, 0, 0, 0, 0, 0, 0, 72, 8, 54, 63, 52, 16, 250, 63, 0, 0, 0, 0, 0, 0, 0, 0, 89, 228, 48, 63, 26, 195, 249, 63, 0, 0, 0, 0, 0, 0, 0, 0, 176, 70, 44, 63, 79, 41, 250, 63, 0, 0, 0, 0, 0, 0, 0, 0, 226, 16, 40, 63, 114, 37, 251, 63, 0, 0, 0, 0, 0, 0, 0, 0, 37, 254, 35, 63, 99, 91, 252, 63, 0, 0, 0, 0, 0, 0, 0, 0, 106, 109, 30, 63, 85, 59, 251, 63, 0, 0, 0, 0, 0, 0, 0, 0, 196, 73, 25, 63, 124, 176, 250, 63, 0, 0, 0, 0, 0, 0, 0, 0, 117, 27, 20, 63, 168, 255, 249, 63, 0, 0, 0, 0, 0, 0, 0, 0, 7, 189, 15, 63, 168, 162, 250, 63, 0, 0, 0, 0, 0, 0, 0, 0, 169, 172, 10, 63, 1, 5, 250, 63, 0, 0, 0, 0, 0, 0, 0, 0, 169, 76, 7, 63, 60, 120, 252, 63, 0, 0, 0, 0, 0, 0, 0, 0, 129, 194, 2, 63, 117, 205, 252, 63, 0, 0, 0, 0, 0, 0, 0, 0, 201, 211, 250, 62, 32, 128, 251, 63, 0, 0, 0, 0, 0, 0, 0, 0, 88, 132, 242, 62, 54, 137, 252, 63, 0, 0, 0, 0, 0, 0, 0, 0, 234, 29, 233, 62, 143, 110, 252, 63, 0, 0, 0, 0, 0, 0, 0, 0, 20, 190, 223, 62, 85, 78, 252, 63, 0, 0, 0, 0, 0, 0, 0, 0, 204, 220, 213, 62, 80, 136, 251, 63, 0, 0, 0, 0, 0, 0, 0, 0, 78, 71, 205, 62, 134, 61, 252, 63, 0, 0, 0, 0, 0, 0, 0, 0, 53, 150, 195, 62, 56, 140, 251, 63, 0, 0, 0, 0, 0, 0, 0, 0, 9, 44, 187, 62, 224, 119, 252, 63, 0, 0, 0, 0, 0, 0, 0, 0, 241, 112, 178, 62, 58, 254, 252, 63, 0, 0, 0, 0, 0, 0, 0, 0, 155, 107, 168, 62, 244, 154, 251, 63, 0, 0, 0, 0, 0, 0, 0, 0, 172, 69, 160, 62, 123, 249, 252, 63, 0, 0, 0, 0, 0, 0, 0, 0, 17, 236, 149, 62, 93, 200, 250, 63, 0, 0, 0, 0, 0, 0, 0, 0, 232, 242, 140, 62, 77, 184, 250, 63, 0, 0, 0, 0, 0, 0, 0, 0, 203, 253, 131, 62, 29, 163, 250, 63, 0, 0, 0, 0, 0, 0, 0, 0, 5, 154, 117, 62, 184, 6, 250, 63, 0, 0, 0, 0, 0, 0, 0, 0, 246, 75, 101, 62, 112, 142, 251, 63, 0, 0, 0, 0, 0, 0, 0, 0, 249, 203, 84, 62, 231, 17, 253, 63, 0, 0, 0, 0, 0, 0, 0, 0, 172, 65, 65, 62, 34, 223, 250, 63, 0, 0, 0, 0, 0, 0, 0, 0, 181, 119, 47, 62, 185, 176, 250, 63, 0, 0, 0, 0, 0, 0, 0, 0, 69, 10, 30, 62, 243, 255, 250, 63, 0, 0, 0, 0, 0, 0, 0, 0, 71, 94, 10, 62, 252, 84, 247, 63, 0, 0, 0, 0, 0, 0, 0, 0, 145, 207, 217, 61, 96, 143, 222, 63, 0, 0, 0, 0, 0, 0, 0, 0, 198, 48, 183, 61, 194, 115, 218, 63, 0, 0, 0, 0, 0, 0, 0, 0, 26, 100, 143, 61, 147, 62, 205, 63, 0, 0, 0, 0, 0, 0, 0, 0, 24, 111, 70, 61, 70, 142, 177, 63, 0, 0, 0, 0, 0, 0, 0, 0, 182, 188, 20, 61, 164, 121, 177, 63, 0, 0, 0, 0, 0, 0, 0, 0, 188, 166, 91, 56, 251, 147, 68, 59, 0, 0, 0, 0, 0, 0, 0, 0, 29, 149, 103, 60, 96, 57, 207, 63, 0, 0, 0, 0, 0, 0, 0, 0, 105, 46, 207, 54, 185, 30, 197, 63, 0, 0, 0, 0, 0, 0, 0, 0, 236, 128, 78, 188, 246, 243, 184, 63, 0, 0, 0, 0, 0, 0, 0, 0, 142, 247, 197, 188, 198, 64, 177, 63, 0, 0, 0, 0, 0, 0, 0, 0, 74, 103, 16, 189, 97, 91, 172, 63, 0, 0, 0, 0, 0, 0, 0, 0, 119, 244, 60, 189, 234, 28, 169, 63, 0, 0, 0, 0, 0, 0, 0, 0, 169, 107, 104, 189, 155, 94, 166, 63, 0, 0, 0, 0, 0, 0, 0, 0, 12, 29, 139, 189, 150, 234, 165, 63, 0, 0, 0, 0, 0, 0, 0, 0, 56, 6, 164, 189, 113, 159, 167, 63, 0, 0, 0, 0, 0, 0, 0, 0, 125, 71, 189, 189, 218, 47, 169, 63, 0, 0, 0, 0, 0, 0, 0, 0, 191, 146, 212, 189, 113, 210, 168, 63, 0, 0, 0, 0, 0, 0, 0, 0, 117, 89, 239, 189, 178, 254, 170, 63, 0, 0, 0, 0, 0, 0, 0, 0, 204, 150, 4, 190, 200, 33, 172, 63, 0, 0, 0, 0, 0, 0, 0, 0, 210, 135, 15, 190, 50, 181, 170, 63, 0, 0, 0, 0, 0, 0, 0, 0, 24, 165, 29, 190, 9, 246, 172, 63, 0, 0, 0, 0, 0, 0, 0, 0, 198, 213, 43, 190, 61, 241, 174, 63, 0, 0, 0, 0, 0, 0, 0, 0, 128, 147, 56, 190, 127, 65, 175, 63, 0, 0, 0, 0, 0, 0, 0, 0, 190, 168, 69, 190, 240, 206, 175, 63, 0, 0, 0, 0, 0, 0, 0, 0, 22, 198, 81, 190, 159, 117, 175, 63, 0, 0, 0, 0, 0, 0, 0, 0, 241, 147, 96, 190, 42, 63, 177, 63, 0, 0, 0, 0, 0, 0, 0, 0, 206, 201, 109, 190, 82, 160, 177, 63, 0, 0, 0, 0, 0, 0, 0, 0, 71, 57, 120, 190, 54, 249, 175, 63, 0, 0, 0, 0, 0, 0, 0, 0, 8, 40, 130, 190, 247, 145, 175, 63, 0, 0, 0, 0, 0, 0, 0, 0, 92, 64, 133, 190, 106, 98, 171, 63, 0, 0, 0, 0, 0, 0, 0, 0, 95, 168, 140, 190, 222, 215, 172, 63, 0, 0, 0, 0, 0, 0, 0, 0, 1, 159, 145, 190, 27, 71, 171, 63, 0, 0, 0, 0, 0, 0, 0, 0, 1, 40, 149, 190, 76, 52, 168, 63, 0, 0, 0, 0, 0, 0, 0, 0, 84, 24, 157, 190, 16, 30, 170, 63, 0, 0, 0, 0, 0, 0, 0, 0, 201, 151, 161, 190, 81, 70, 168, 63, 0, 0, 0, 0, 0, 0, 0, 0, 15, 247, 166, 190, 64, 107, 167, 63, 0, 0, 0, 0, 0, 0, 0, 0, 10, 2, 171, 190, 59, 80, 165, 63, 0, 0, 0, 0, 0, 0, 0, 0, 213, 24, 178, 190, 160, 43, 166, 63, 0, 0, 0, 0, 0, 0, 0, 0, 43, 217, 184, 190, 146, 163, 166, 63, 0, 0, 0, 0, 0, 0, 0, 0, 172, 207, 189, 190, 184, 125, 165, 63, 0, 0, 0, 0, 0, 0, 0, 0, 22, 97, 200, 190, 233, 30, 169, 63, 0, 0, 0, 0, 0, 0, 0, 0, 91, 249, 230, 190, 213, 223, 188, 63, 0, 0, 0, 0, 0, 0, 0, 0, 5, 47, 18, 191, 131, 210, 231, 63, 0, 0, 0, 0, 0, 0, 0, 0, 88, 111, 35, 191, 103, 129, 251, 63, 0, 0, 0, 0, 0, 0, 0, 0, 68, 230, 39, 191, 121, 231, 250, 63, 0, 0, 0, 0, 0, 0, 0, 0, 8, 91, 45, 191, 67, 188, 251, 63, 0, 0, 0, 0, 0, 0, 0, 0, 182, 255, 49, 191, 214, 84, 251, 63, 0, 0, 0, 0, 0, 0, 0, 0, 245, 221, 55, 191, 6, 151, 252, 63, 0, 0, 0, 0, 0, 0, 0, 0, 241, 179, 61, 191, 70, 178, 253, 63, 0, 0, 0, 0, 0, 0, 0, 0, 87, 144, 64, 191, 217, 211, 250, 63, 0, 0, 0, 0, 0, 0, 0, 0, 139, 231, 70, 191, 142, 122, 252, 63, 0, 0, 0, 0, 0, 0, 0, 0, 183, 91, 76, 191, 31, 232, 252, 63, 0, 0, 0, 0, 0, 0, 0, 0, 113, 235, 82, 191, 106, 155, 254, 63, 0, 0, 0, 0, 0, 0, 0, 0, 183, 167, 86, 191, 50, 218, 252, 63, 0, 0, 0, 0, 0, 0, 0, 0, 112, 88, 90, 191, 156, 21, 251, 63, 0, 0, 0, 0, 0, 0, 0, 0, 72, 125, 96, 191, 44, 28, 252, 63, 0, 0, 0, 0, 0, 0, 0, 0, 148, 132, 101, 191, 223, 209, 251, 63, 0, 0, 0, 0, 0, 0, 0, 0, 202, 72, 108, 191, 101, 92, 253, 63, 0, 0, 0, 0, 0, 0, 0, 0, 125, 61, 114, 191, 17, 240, 253, 63, 0, 0, 0, 0, 0, 0, 0, 0, 251, 140, 118, 191, 141, 193, 252, 63, 0, 0, 0, 0, 0, 0, 0, 0, 6, 112, 124, 191, 237, 40, 253, 63, 0, 0, 0, 0, 0, 0, 0, 0, 24, 1, 129, 191, 116, 48, 253, 63, 0, 0, 0, 0, 0, 0, 0, 0, 84, 38, 131, 191, 187, 240, 251, 63, 0, 0, 0, 0, 0, 0, 0, 0, 46, 180, 133, 191, 226, 118, 251, 63, 0, 0, 0, 0, 0, 0, 0, 0, 237, 87, 135, 191, 144, 70, 249, 63, 0, 0, 0, 0, 0, 0, 0, 0, 128, 200, 134, 191, 194, 40, 243, 63, 0, 0, 0, 0, 0, 0, 0, 0, 101, 158, 140, 191, 246, 139, 248, 63, 0, 0, 0, 0, 0, 0, 0, 0, 202, 93, 138, 191, 80, 169, 239, 63, 0, 0, 0, 0, 0, 0, 0, 0, 0, 0, 0, 0, 0, 0, 0, 0, 0, 0, 0, 0, 0, 0, 0, 0, 0, 0, 0, 0, 0, 0, 0, 0, 0, 0, 0, 0, 0, 0, 0, 0, 0, 0, 0, 0, 0, 0, 0, 0, 0, 0, 0, 0, 0, 0, 0, 0, 0, 0, 0, 0, 0, 0, 0, 0, 0, 0, 0, 0, 0, 0, 0, 0, 0, 0, 0, 0, 0, 0, 0, 0, 0, 0, 0, 0, 0, 0, 0, 0, 0, 0, 0, 0, 0, 0, 0, 0, 0, 0, 0, 0, 0, 0, 0, 0, 112, 63, 184, 189, 172, 47, 11, 62, 0, 0, 0, 0, 0, 0, 0, 0, 18, 163, 170, 189, 212, 251, 252, 61, 0, 0, 0, 0, 0, 0, 0, 0, 0, 0, 0, 0, 0, 0, 0, 0, 0, 0, 0, 0, 0, 0, 0, 0, 0, 0, 0, 0, 0, 0, 0, 0, 0, 0, 0, 0, 0, 0, 0, 0, 76, 169, 192, 189, 126, 13, 7, 62, 0, 0, 0, 0, 0, 0, 0, 0, 4, 140, 174, 189, 59, 63, 240, 61, 0, 0, 0, 0, 0, 0, 0, 0, 159, 181, 154, 189, 196, 20, 209, 61, 0, 0, 0, 0, 0, 0, 0, 0, 106, 218, 168, 189, 74, 20, 224, 61, 0, 0, 0, 0, 0, 0, 0, 0, 97, 82, 163, 189, 52, 217, 212, 61, 0, 0, 0, 0, 0, 0, 0, 0, 22, 200, 177, 189, 189, 141, 227, 61, 0, 0, 0, 0, 0, 0, 0, 0, 54, 169, 174, 189, 25, 149, 219, 61, 0, 0, 0, 0, 0, 0, 0, 0, 240, 37, 179, 189, 172, 59, 221, 61, 0, 0, 0, 0, 0, 0, 0, 0, 116, 119, 178, 189, 48, 128, 216, 61, 0, 0, 0, 0, 0, 0, 0, 0, 99, 63, 188, 189, 44, 89, 224, 61, 0, 0, 0, 0, 0, 0, 0, 0, 182, 45, 198, 189, 125, 10, 232, 61, 0, 0, 0, 0, 0, 0, 0, 0, 0, 0, 0, 0, 0, 0, 0, 0, 0, 0, 0, 0, 0, 0, 0, 0, 0, 0, 0, 0, 0, 0, 0, 0, 0, 0, 0, 0, 0, 0, 0, 0, 0, 0, 0, 0, 0, 0, 0, 0, 0, 0, 0, 0, 0, 0, 0, 0, 0, 0, 0, 0, 0, 0, 0, 0, 0, 0, 0, 0, 0, 0, 0, 0, 0, 0, 0, 0, 0, 0, 0, 0, 0, 0, 0, 0, 0, 0, 0, 0, 0, 0, 0, 0, 0, 0, 0, 0, 0, 0, 0, 0, 0, 0, 0, 0, 0, 0, 0, 0, 0, 0, 0, 0, 0, 0, 0, 0, 0, 0, 0, 0, 0, 0, 0, 0, 0, 0, 0, 0, 0, 0, 0, 0, 0, 0, 0, 0, 0, 0, 0, 0, 0, 0, 0, 0, 0, 0, 0, 0, 0, 0, 0, 0]
is_dense: True
