---
header: 
  seq: 12030
  stamp: 
    secs: 1716265639
    nsecs:  27447938
  frame_id: "cloud"
height: 1
width: 541
fields: 
  - 
    name: "x"
    offset: 0
    datatype: 7
    count: 1
  - 
    name: "y"
    offset: 4
    datatype: 7
    count: 1
  - 
    name: "z"
    offset: 8
    datatype: 7
    count: 1
  - 
    name: "intensity"
    offset: 12
    datatype: 7
    count: 1
is_bigendian: False
point_step: 16
row_step: 8656
data: [61, 148, 49, 191, 182, 148, 49, 191, 0, 0, 0, 0, 0, 0, 0, 0, 56, 84, 52, 191, 138, 129, 55, 191, 0, 0, 0, 0, 0, 0, 0, 0, 80, 76, 49, 191, 118, 153, 55, 191, 0, 0, 0, 0, 0, 0, 0, 0, 81, 131, 47, 191, 54, 244, 56, 191, 0, 0, 0, 0, 0, 0, 0, 0, 52, 151, 46, 191, 57, 58, 59, 191, 0, 0, 0, 0, 0, 0, 0, 0, 43, 41, 46, 191, 170, 16, 62, 191, 0, 0, 0, 0, 0, 0, 0, 0, 193, 23, 48, 191, 164, 146, 67, 191, 0, 0, 0, 0, 0, 0, 0, 0, 240, 23, 49, 191, 118, 43, 72, 191, 0, 0, 0, 0, 0, 0, 0, 0, 9, 130, 47, 191, 153, 230, 73, 191, 0, 0, 0, 0, 0, 0, 0, 0, 231, 102, 47, 191, 13, 95, 77, 191, 0, 0, 0, 0, 0, 0, 0, 0, 70, 193, 46, 191, 81, 68, 80, 191, 0, 0, 0, 0, 0, 0, 0, 0, 218, 184, 46, 191, 244, 244, 83, 191, 0, 0, 0, 0, 0, 0, 0, 0, 18, 122, 46, 191, 135, 118, 87, 191, 0, 0, 0, 0, 0, 0, 0, 0, 99, 169, 46, 191, 246, 148, 91, 191, 0, 0, 0, 0, 0, 0, 0, 0, 236, 159, 49, 191, 245, 89, 99, 191, 0, 0, 0, 0, 0, 0, 0, 0, 87, 19, 46, 191, 157, 220, 98, 191, 0, 0, 0, 0, 0, 0, 0, 0, 12, 182, 48, 191, 120, 129, 106, 191, 0, 0, 0, 0, 0, 0, 0, 0, 140, 190, 45, 191, 220, 205, 106, 191, 0, 0, 0, 0, 0, 0, 0, 0, 84, 115, 47, 191, 54, 125, 113, 191, 0, 0, 0, 0, 0, 0, 0, 0, 142, 13, 49, 191, 171, 56, 120, 191, 0, 0, 0, 0, 0, 0, 0, 0, 45, 218, 45, 191, 252, 73, 120, 191, 0, 0, 0, 0, 0, 0, 0, 0, 187, 255, 45, 191, 28, 44, 125, 191, 0, 0, 0, 0, 0, 0, 0, 0, 85, 19, 47, 191, 254, 199, 129, 191, 0, 0, 0, 0, 0, 0, 0, 0, 169, 91, 46, 191, 221, 182, 131, 191, 0, 0, 0, 0, 0, 0, 0, 0, 145, 24, 48, 191, 76, 149, 135, 191, 0, 0, 0, 0, 0, 0, 0, 0, 42, 6, 49, 191, 243, 239, 138, 191, 0, 0, 0, 0, 0, 0, 0, 0, 194, 12, 46, 191, 44, 69, 139, 191, 0, 0, 0, 0, 0, 0, 0, 0, 166, 73, 46, 191, 3, 53, 142, 191, 0, 0, 0, 0, 0, 0, 0, 0, 225, 198, 45, 191, 159, 155, 144, 191, 0, 0, 0, 0, 0, 0, 0, 0, 252, 169, 47, 191, 70, 28, 149, 191, 0, 0, 0, 0, 0, 0, 0, 0, 150, 79, 45, 191, 202, 23, 150, 191, 0, 0, 0, 0, 0, 0, 0, 0, 39, 87, 46, 191, 253, 18, 154, 191, 0, 0, 0, 0, 0, 0, 0, 0, 177, 99, 44, 191, 46, 128, 155, 191, 0, 0, 0, 0, 0, 0, 0, 0, 184, 241, 45, 191, 31, 47, 160, 191, 0, 0, 0, 0, 0, 0, 0, 0, 189, 6, 46, 191, 61, 166, 163, 191, 0, 0, 0, 0, 0, 0, 0, 0, 154, 195, 45, 191, 120, 230, 166, 191, 0, 0, 0, 0, 0, 0, 0, 0, 61, 61, 44, 191, 75, 5, 169, 191, 0, 0, 0, 0, 0, 0, 0, 0, 233, 93, 44, 191, 210, 219, 172, 191, 0, 0, 0, 0, 0, 0, 0, 0, 244, 11, 45, 191, 147, 102, 177, 191, 0, 0, 0, 0, 0, 0, 0, 0, 182, 9, 44, 191, 20, 88, 180, 191, 0, 0, 0, 0, 0, 0, 0, 0, 188, 254, 44, 191, 2, 127, 185, 191, 0, 0, 0, 0, 0, 0, 0, 0, 26, 65, 45, 191, 106, 22, 190, 191, 0, 0, 0, 0, 0, 0, 0, 0, 191, 93, 45, 191, 241, 177, 194, 191, 0, 0, 0, 0, 0, 0, 0, 0, 223, 209, 44, 191, 26, 187, 198, 191, 0, 0, 0, 0, 0, 0, 0, 0, 174, 139, 44, 191, 108, 63, 203, 191, 0, 0, 0, 0, 0, 0, 0, 0, 124, 243, 42, 191, 166, 91, 206, 191, 0, 0, 0, 0, 0, 0, 0, 0, 146, 168, 43, 191, 199, 111, 212, 191, 0, 0, 0, 0, 0, 0, 0, 0, 173, 162, 44, 191, 216, 33, 219, 191, 0, 0, 0, 0, 0, 0, 0, 0, 208, 191, 44, 191, 252, 3, 225, 191, 0, 0, 0, 0, 0, 0, 0, 0, 114, 60, 43, 191, 116, 255, 228, 191, 0, 0, 0, 0, 0, 0, 0, 0, 8, 233, 42, 191, 193, 201, 234, 191, 0, 0, 0, 0, 0, 0, 0, 0, 202, 4, 44, 191, 144, 226, 242, 191, 0, 0, 0, 0, 0, 0, 0, 0, 170, 48, 42, 191, 215, 34, 247, 191, 0, 0, 0, 0, 0, 0, 0, 0, 231, 148, 42, 191, 222, 232, 254, 191, 0, 0, 0, 0, 0, 0, 0, 0, 98, 155, 41, 191, 19, 128, 2, 192, 0, 0, 0, 0, 0, 0, 0, 0, 90, 12, 41, 191, 16, 10, 6, 192, 0, 0, 0, 0, 0, 0, 0, 0, 89, 173, 41, 191, 155, 191, 10, 192, 0, 0, 0, 0, 0, 0, 0, 0, 163, 48, 41, 191, 147, 203, 14, 192, 0, 0, 0, 0, 0, 0, 0, 0, 94, 240, 39, 191, 100, 107, 18, 192, 0, 0, 0, 0, 0, 0, 0, 0, 199, 138, 39, 191, 35, 9, 23, 192, 0, 0, 0, 0, 0, 0, 0, 0, 188, 150, 35, 191, 192, 161, 24, 192, 0, 0, 0, 0, 0, 0, 0, 0, 50, 183, 38, 191, 109, 41, 33, 192, 0, 0, 0, 0, 0, 0, 0, 0, 149, 109, 36, 191, 109, 223, 36, 192, 0, 0, 0, 0, 0, 0, 0, 0, 44, 92, 37, 191, 245, 49, 44, 192, 0, 0, 0, 0, 0, 0, 0, 0, 32, 164, 36, 191, 84, 73, 50, 192, 0, 0, 0, 0, 0, 0, 0, 0, 150, 46, 33, 191, 82, 195, 53, 192, 0, 0, 0, 0, 0, 0, 0, 0, 4, 245, 23, 191, 42, 186, 50, 192, 0, 0, 0, 0, 0, 0, 0, 0, 155, 72, 16, 191, 192, 75, 49, 192, 0, 0, 0, 0, 0, 0, 0, 0, 229, 22, 10, 191, 154, 154, 49, 192, 0, 0, 0, 0, 0, 0, 0, 0, 251, 77, 4, 191, 252, 118, 50, 192, 0, 0, 0, 0, 0, 0, 0, 0, 21, 178, 251, 190, 117, 110, 50, 192, 0, 0, 0, 0, 0, 0, 0, 0, 120, 15, 239, 190, 175, 146, 50, 192, 0, 0, 0, 0, 0, 0, 0, 0, 71, 242, 227, 190, 205, 230, 51, 192, 0, 0, 0, 0, 0, 0, 0, 0, 169, 182, 213, 190, 54, 192, 50, 192, 0, 0, 0, 0, 0, 0, 0, 0, 13, 202, 204, 190, 96, 37, 54, 192, 0, 0, 0, 0, 0, 0, 0, 0, 156, 172, 195, 190, 244, 201, 57, 192, 0, 0, 0, 0, 0, 0, 0, 0, 66, 210, 182, 190, 78, 31, 58, 192, 0, 0, 0, 0, 0, 0, 0, 0, 109, 91, 169, 190, 81, 206, 57, 192, 0, 0, 0, 0, 0, 0, 0, 0, 73, 179, 156, 190, 145, 93, 58, 192, 0, 0, 0, 0, 0, 0, 0, 0, 144, 19, 144, 190, 249, 9, 59, 192, 0, 0, 0, 0, 0, 0, 0, 0, 175, 252, 129, 190, 253, 184, 57, 192, 0, 0, 0, 0, 0, 0, 0, 0, 67, 111, 106, 190, 36, 45, 58, 192, 0, 0, 0, 0, 0, 0, 0, 0, 127, 55, 80, 190, 7, 27, 58, 192, 0, 0, 0, 0, 0, 0, 0, 0, 83, 137, 53, 190, 101, 130, 57, 192, 0, 0, 0, 0, 0, 0, 0, 0, 13, 147, 27, 190, 147, 137, 57, 192, 0, 0, 0, 0, 0, 0, 0, 0, 66, 85, 2, 190, 4, 147, 58, 192, 0, 0, 0, 0, 0, 0, 0, 0, 240, 17, 232, 189, 114, 174, 79, 192, 0, 0, 0, 0, 0, 0, 0, 0, 37, 37, 184, 189, 194, 195, 91, 192, 0, 0, 0, 0, 0, 0, 0, 0, 23, 138, 118, 189, 208, 179, 92, 192, 0, 0, 0, 0, 0, 0, 0, 0, 138, 9, 246, 188, 149, 71, 92, 192, 0, 0, 0, 0, 0, 0, 0, 0, 161, 72, 54, 54, 11, 215, 91, 192, 0, 0, 0, 0, 0, 0, 0, 0, 190, 203, 245, 60, 13, 6, 92, 192, 0, 0, 0, 0, 0, 0, 0, 0, 53, 107, 118, 61, 13, 147, 92, 192, 0, 0, 0, 0, 0, 0, 0, 0, 69, 26, 184, 61, 97, 179, 91, 192, 0, 0, 0, 0, 0, 0, 0, 0, 49, 169, 245, 61, 130, 213, 91, 192, 0, 0, 0, 0, 0, 0, 0, 0, 42, 30, 25, 62, 230, 46, 91, 192, 0, 0, 0, 0, 0, 0, 0, 0, 40, 206, 57, 62, 124, 149, 93, 192, 0, 0, 0, 0, 0, 0, 0, 0, 129, 140, 87, 62, 170, 66, 92, 192, 0, 0, 0, 0, 0, 0, 0, 0, 189, 166, 117, 62, 83, 143, 91, 192, 0, 0, 0, 0, 0, 0, 0, 0, 181, 170, 137, 62, 226, 166, 90, 192, 0, 0, 0, 0, 0, 0, 0, 0, 171, 10, 154, 62, 89, 22, 92, 192, 0, 0, 0, 0, 0, 0, 0, 0, 11, 93, 171, 62, 136, 117, 94, 192, 0, 0, 0, 0, 0, 0, 0, 0, 238, 25, 187, 62, 175, 132, 94, 192, 0, 0, 0, 0, 0, 0, 0, 0, 242, 249, 202, 62, 241, 175, 94, 192, 0, 0, 0, 0, 0, 0, 0, 0, 117, 83, 219, 62, 127, 72, 95, 192, 0, 0, 0, 0, 0, 0, 0, 0, 60, 44, 235, 62, 12, 74, 95, 192, 0, 0, 0, 0, 0, 0, 0, 0, 145, 119, 250, 62, 77, 197, 94, 192, 0, 0, 0, 0, 0, 0, 0, 0, 168, 49, 5, 63, 54, 206, 94, 192, 0, 0, 0, 0, 0, 0, 0, 0, 219, 93, 13, 63, 121, 35, 95, 192, 0, 0, 0, 0, 0, 0, 0, 0, 250, 5, 21, 63, 222, 161, 94, 192, 0, 0, 0, 0, 0, 0, 0, 0, 145, 190, 28, 63, 86, 60, 94, 192, 0, 0, 0, 0, 0, 0, 0, 0, 119, 222, 36, 63, 129, 99, 94, 192, 0, 0, 0, 0, 0, 0, 0, 0, 161, 222, 44, 63, 172, 85, 94, 192, 0, 0, 0, 0, 0, 0, 0, 0, 10, 225, 52, 63, 60, 67, 94, 192, 0, 0, 0, 0, 0, 0, 0, 0, 69, 202, 60, 63, 32, 12, 94, 192, 0, 0, 0, 0, 0, 0, 0, 0, 55, 79, 69, 63, 118, 128, 94, 192, 0, 0, 0, 0, 0, 0, 0, 0, 8, 47, 77, 63, 6, 48, 94, 192, 0, 0, 0, 0, 0, 0, 0, 0, 148, 89, 85, 63, 200, 42, 94, 192, 0, 0, 0, 0, 0, 0, 0, 0, 187, 246, 93, 63, 6, 144, 94, 192, 0, 0, 0, 0, 0, 0, 0, 0, 141, 152, 101, 63, 43, 242, 93, 192, 0, 0, 0, 0, 0, 0, 0, 0, 172, 122, 107, 63, 167, 180, 91, 192, 0, 0, 0, 0, 0, 0, 0, 0, 53, 243, 112, 63, 199, 53, 89, 192, 0, 0, 0, 0, 0, 0, 0, 0, 212, 133, 120, 63, 23, 173, 88, 192, 0, 0, 0, 0, 0, 0, 0, 0, 87, 56, 128, 63, 186, 110, 88, 192, 0, 0, 0, 0, 0, 0, 0, 0, 38, 147, 134, 63, 127, 22, 92, 192, 0, 0, 0, 0, 0, 0, 0, 0, 114, 154, 138, 63, 40, 204, 91, 192, 0, 0, 0, 0, 0, 0, 0, 0, 64, 134, 141, 63, 207, 200, 89, 192, 0, 0, 0, 0, 0, 0, 0, 0, 122, 23, 146, 63, 208, 79, 90, 192, 0, 0, 0, 0, 0, 0, 0, 0, 36, 80, 150, 63, 107, 69, 90, 192, 0, 0, 0, 0, 0, 0, 0, 0, 7, 8, 154, 63, 129, 124, 89, 192, 0, 0, 0, 0, 0, 0, 0, 0, 224, 56, 159, 63, 0, 187, 90, 192, 0, 0, 0, 0, 0, 0, 0, 0, 99, 153, 161, 63, 240, 27, 88, 192, 0, 0, 0, 0, 0, 0, 0, 0, 24, 253, 163, 63, 115, 154, 85, 192, 0, 0, 0, 0, 0, 0, 0, 0, 252, 81, 168, 63, 93, 167, 85, 192, 0, 0, 0, 0, 0, 0, 0, 0, 177, 133, 172, 63, 46, 129, 85, 192, 0, 0, 0, 0, 0, 0, 0, 0, 164, 124, 176, 63, 20, 10, 85, 192, 0, 0, 0, 0, 0, 0, 0, 0, 160, 255, 180, 63, 44, 52, 85, 192, 0, 0, 0, 0, 0, 0, 0, 0, 142, 28, 187, 63, 25, 42, 87, 192, 0, 0, 0, 0, 0, 0, 0, 0, 79, 239, 159, 58, 72, 156, 51, 187, 0, 0, 0, 0, 0, 0, 0, 0, 0, 0, 0, 0, 0, 0, 0, 0, 0, 0, 0, 0, 0, 0, 0, 0, 0, 0, 0, 0, 0, 0, 0, 0, 0, 0, 0, 0, 0, 0, 0, 0, 0, 0, 0, 0, 0, 0, 0, 0, 0, 0, 0, 0, 0, 0, 0, 0, 0, 0, 0, 0, 0, 0, 0, 0, 0, 0, 0, 0, 0, 0, 0, 0, 0, 0, 0, 0, 0, 0, 0, 0, 0, 0, 0, 0, 0, 0, 0, 0, 0, 0, 0, 0, 0, 0, 0, 0, 0, 0, 0, 0, 0, 0, 0, 0, 0, 0, 0, 0, 0, 0, 0, 0, 0, 0, 0, 0, 0, 0, 0, 0, 0, 0, 0, 0, 0, 0, 0, 0, 0, 0, 0, 0, 0, 0, 0, 0, 220, 222, 254, 63, 45, 181, 106, 192, 0, 0, 0, 0, 0, 0, 0, 0, 35, 13, 0, 64, 8, 3, 103, 192, 0, 0, 0, 0, 0, 0, 0, 0, 212, 255, 1, 64, 49, 198, 101, 192, 0, 0, 0, 0, 0, 0, 0, 0, 55, 57, 4, 64, 220, 4, 101, 192, 0, 0, 0, 0, 0, 0, 0, 0, 247, 73, 7, 64, 25, 173, 101, 192, 0, 0, 0, 0, 0, 0, 0, 0, 55, 231, 10, 64, 200, 44, 103, 192, 0, 0, 0, 0, 0, 0, 0, 0, 0, 0, 0, 0, 0, 0, 0, 0, 0, 0, 0, 0, 0, 0, 0, 0, 0, 0, 0, 0, 0, 0, 0, 0, 0, 0, 0, 0, 0, 0, 0, 0, 36, 70, 211, 58, 89, 209, 37, 187, 0, 0, 0, 0, 0, 0, 0, 0, 160, 122, 19, 64, 84, 25, 99, 192, 0, 0, 0, 0, 0, 0, 0, 0, 152, 7, 217, 58, 234, 242, 35, 187, 0, 0, 0, 0, 0, 0, 0, 0, 1, 226, 219, 58, 229, 254, 34, 187, 0, 0, 0, 0, 0, 0, 0, 0, 0, 0, 0, 0, 0, 0, 0, 0, 0, 0, 0, 0, 0, 0, 0, 0, 0, 0, 0, 0, 0, 0, 0, 0, 0, 0, 0, 0, 0, 0, 0, 0, 0, 0, 0, 0, 0, 0, 0, 0, 0, 0, 0, 0, 0, 0, 0, 0, 0, 0, 0, 0, 0, 0, 0, 0, 0, 0, 0, 0, 0, 0, 0, 0, 122, 228, 38, 64, 25, 139, 97, 192, 0, 0, 0, 0, 0, 0, 0, 0, 247, 129, 40, 64, 75, 158, 95, 192, 0, 0, 0, 0, 0, 0, 0, 0, 103, 182, 35, 64, 246, 90, 85, 192, 0, 0, 0, 0, 0, 0, 0, 0, 90, 159, 36, 64, 73, 181, 82, 192, 0, 0, 0, 0, 0, 0, 0, 0, 59, 155, 40, 64, 224, 247, 83, 192, 0, 0, 0, 0, 0, 0, 0, 0, 52, 127, 43, 64, 50, 200, 83, 192, 0, 0, 0, 0, 0, 0, 0, 0, 94, 152, 48, 64, 101, 58, 86, 192, 0, 0, 0, 0, 0, 0, 0, 0, 189, 110, 52, 64, 60, 8, 87, 192, 0, 0, 0, 0, 0, 0, 0, 0, 139, 33, 56, 64, 58, 151, 87, 192, 0, 0, 0, 0, 0, 0, 0, 0, 21, 186, 59, 64, 191, 244, 87, 192, 0, 0, 0, 0, 0, 0, 0, 0, 100, 224, 62, 64, 101, 191, 87, 192, 0, 0, 0, 0, 0, 0, 0, 0, 81, 247, 64, 64, 191, 79, 86, 192, 0, 0, 0, 0, 0, 0, 0, 0, 29, 226, 64, 64, 255, 126, 82, 192, 0, 0, 0, 0, 0, 0, 0, 0, 35, 158, 64, 64, 225, 142, 78, 192, 0, 0, 0, 0, 0, 0, 0, 0, 137, 245, 64, 64, 94, 86, 75, 192, 0, 0, 0, 0, 0, 0, 0, 0, 21, 106, 64, 64, 118, 64, 71, 192, 0, 0, 0, 0, 0, 0, 0, 0, 211, 204, 64, 64, 22, 50, 68, 192, 0, 0, 0, 0, 0, 0, 0, 0, 170, 154, 64, 64, 225, 154, 64, 192, 0, 0, 0, 0, 0, 0, 0, 0, 220, 255, 64, 64, 46, 169, 61, 192, 0, 0, 0, 0, 0, 0, 0, 0, 176, 182, 64, 64, 40, 26, 58, 192, 0, 0, 0, 0, 0, 0, 0, 0, 135, 85, 64, 64, 221, 132, 54, 192, 0, 0, 0, 0, 0, 0, 0, 0, 255, 83, 64, 64, 129, 89, 51, 192, 0, 0, 0, 0, 0, 0, 0, 0, 114, 231, 63, 64, 52, 217, 47, 192, 0, 0, 0, 0, 0, 0, 0, 0, 55, 123, 63, 64, 73, 105, 44, 192, 0, 0, 0, 0, 0, 0, 0, 0, 9, 77, 63, 64, 221, 63, 41, 192, 0, 0, 0, 0, 0, 0, 0, 0, 17, 243, 63, 64, 30, 220, 38, 192, 0, 0, 0, 0, 0, 0, 0, 0, 74, 215, 63, 64, 46, 217, 35, 192, 0, 0, 0, 0, 0, 0, 0, 0, 108, 77, 63, 64, 192, 133, 32, 192, 0, 0, 0, 0, 0, 0, 0, 0, 155, 29, 63, 64, 84, 139, 29, 192, 0, 0, 0, 0, 0, 0, 0, 0, 249, 175, 63, 64, 222, 57, 27, 192, 0, 0, 0, 0, 0, 0, 0, 0, 191, 97, 63, 64, 140, 59, 24, 192, 0, 0, 0, 0, 0, 0, 0, 0, 6, 139, 63, 64, 132, 166, 21, 192, 0, 0, 0, 0, 0, 0, 0, 0, 137, 3, 63, 64, 23, 146, 18, 192, 0, 0, 0, 0, 0, 0, 0, 0, 189, 218, 62, 64, 218, 209, 15, 192, 0, 0, 0, 0, 0, 0, 0, 0, 113, 71, 63, 64, 39, 138, 13, 192, 0, 0, 0, 0, 0, 0, 0, 0, 254, 36, 64, 64, 11, 154, 11, 192, 0, 0, 0, 0, 0, 0, 0, 0, 199, 42, 63, 64, 214, 91, 8, 192, 0, 0, 0, 0, 0, 0, 0, 0, 4, 10, 63, 64, 129, 196, 5, 192, 0, 0, 0, 0, 0, 0, 0, 0, 114, 77, 63, 64, 168, 122, 3, 192, 0, 0, 0, 0, 0, 0, 0, 0, 187, 29, 63, 64, 246, 232, 0, 192, 0, 0, 0, 0, 0, 0, 0, 0, 155, 42, 63, 64, 201, 15, 253, 191, 0, 0, 0, 0, 0, 0, 0, 0, 228, 235, 62, 64, 5, 249, 247, 191, 0, 0, 0, 0, 0, 0, 0, 0, 121, 200, 61, 64, 182, 207, 241, 191, 0, 0, 0, 0, 0, 0, 0, 0, 50, 26, 63, 64, 57, 212, 238, 191, 0, 0, 0, 0, 0, 0, 0, 0, 36, 72, 62, 64, 237, 53, 233, 191, 0, 0, 0, 0, 0, 0, 0, 0, 54, 148, 62, 64, 20, 6, 229, 191, 0, 0, 0, 0, 0, 0, 0, 0, 183, 105, 62, 64, 22, 83, 224, 191, 0, 0, 0, 0, 0, 0, 0, 0, 153, 141, 62, 64, 96, 8, 220, 191, 0, 0, 0, 0, 0, 0, 0, 0, 157, 171, 62, 64, 206, 192, 215, 191, 0, 0, 0, 0, 0, 0, 0, 0, 38, 167, 62, 64, 184, 92, 211, 191, 0, 0, 0, 0, 0, 0, 0, 0, 207, 127, 62, 64, 191, 221, 206, 191, 0, 0, 0, 0, 0, 0, 0, 0, 145, 164, 61, 64, 177, 171, 201, 191, 0, 0, 0, 0, 0, 0, 0, 0, 99, 88, 62, 64, 2, 45, 198, 191, 0, 0, 0, 0, 0, 0, 0, 0, 36, 155, 61, 64, 19, 56, 193, 191, 0, 0, 0, 0, 0, 0, 0, 0, 34, 69, 62, 64, 44, 187, 189, 191, 0, 0, 0, 0, 0, 0, 0, 0, 222, 28, 62, 64, 0, 115, 185, 191, 0, 0, 0, 0, 0, 0, 0, 0, 48, 209, 61, 64, 189, 19, 181, 191, 0, 0, 0, 0, 0, 0, 0, 0, 5, 172, 61, 64, 75, 228, 176, 191, 0, 0, 0, 0, 0, 0, 0, 0, 55, 37, 62, 64, 45, 79, 173, 191, 0, 0, 0, 0, 0, 0, 0, 0, 170, 155, 61, 64, 180, 214, 168, 191, 0, 0, 0, 0, 0, 0, 0, 0, 179, 177, 60, 64, 9, 24, 164, 191, 0, 0, 0, 0, 0, 0, 0, 0, 123, 163, 61, 64, 144, 254, 160, 191, 0, 0, 0, 0, 0, 0, 0, 0, 48, 55, 62, 64, 156, 148, 157, 191, 0, 0, 0, 0, 0, 0, 0, 0, 64, 62, 62, 64, 42, 186, 153, 191, 0, 0, 0, 0, 0, 0, 0, 0, 134, 76, 61, 64, 103, 34, 149, 191, 0, 0, 0, 0, 0, 0, 0, 0, 106, 42, 61, 64, 130, 58, 145, 191, 0, 0, 0, 0, 0, 0, 0, 0, 84, 49, 61, 64, 36, 121, 141, 191, 0, 0, 0, 0, 0, 0, 0, 0, 29, 190, 61, 64, 63, 31, 138, 191, 0, 0, 0, 0, 0, 0, 0, 0, 168, 55, 62, 64, 65, 184, 134, 191, 0, 0, 0, 0, 0, 0, 0, 0, 139, 251, 60, 64, 1, 37, 130, 191, 0, 0, 0, 0, 0, 0, 0, 0, 236, 76, 61, 64, 139, 91, 125, 191, 0, 0, 0, 0, 0, 0, 0, 0, 68, 223, 60, 64, 117, 121, 117, 191, 0, 0, 0, 0, 0, 0, 0, 0, 34, 124, 60, 64, 179, 183, 109, 191, 0, 0, 0, 0, 0, 0, 0, 0, 99, 145, 60, 64, 245, 154, 102, 191, 0, 0, 0, 0, 0, 0, 0, 0, 194, 47, 61, 64, 230, 40, 96, 191, 0, 0, 0, 0, 0, 0, 0, 0, 93, 29, 61, 64, 145, 233, 88, 191, 0, 0, 0, 0, 0, 0, 0, 0, 255, 230, 60, 64, 225, 140, 81, 191, 0, 0, 0, 0, 0, 0, 0, 0, 3, 106, 61, 64, 197, 3, 75, 191, 0, 0, 0, 0, 0, 0, 0, 0, 177, 253, 59, 64, 234, 120, 66, 191, 0, 0, 0, 0, 0, 0, 0, 0, 147, 88, 60, 64, 73, 215, 59, 191, 0, 0, 0, 0, 0, 0, 0, 0, 77, 15, 61, 64, 229, 142, 53, 191, 0, 0, 0, 0, 0, 0, 0, 0, 46, 227, 60, 64, 2, 111, 46, 191, 0, 0, 0, 0, 0, 0, 0, 0, 205, 178, 60, 64, 194, 85, 39, 191, 0, 0, 0, 0, 0, 0, 0, 0, 67, 174, 60, 64, 43, 108, 32, 191, 0, 0, 0, 0, 0, 0, 0, 0, 4, 6, 61, 64, 143, 212, 25, 191, 0, 0, 0, 0, 0, 0, 0, 0, 45, 169, 60, 64, 102, 176, 18, 191, 0, 0, 0, 0, 0, 0, 0, 0, 126, 136, 60, 64, 127, 197, 11, 191, 0, 0, 0, 0, 0, 0, 0, 0, 11, 132, 60, 64, 130, 246, 4, 191, 0, 0, 0, 0, 0, 0, 0, 0, 48, 75, 60, 64, 54, 20, 252, 190, 0, 0, 0, 0, 0, 0, 0, 0, 191, 143, 60, 64, 149, 236, 238, 190, 0, 0, 0, 0, 0, 0, 0, 0, 146, 221, 59, 64, 176, 157, 224, 190, 0, 0, 0, 0, 0, 0, 0, 0, 212, 13, 61, 64, 155, 143, 212, 190, 0, 0, 0, 0, 0, 0, 0, 0, 126, 193, 59, 64, 43, 192, 197, 190, 0, 0, 0, 0, 0, 0, 0, 0, 172, 39, 60, 64, 153, 210, 184, 190, 0, 0, 0, 0, 0, 0, 0, 0, 15, 8, 60, 64, 234, 99, 171, 190, 0, 0, 0, 0, 0, 0, 0, 0, 97, 70, 60, 64, 116, 79, 158, 190, 0, 0, 0, 0, 0, 0, 0, 0, 208, 107, 59, 64, 16, 96, 144, 190, 0, 0, 0, 0, 0, 0, 0, 0, 13, 32, 59, 64, 28, 249, 130, 190, 0, 0, 0, 0, 0, 0, 0, 0, 34, 230, 59, 64, 194, 156, 108, 190, 0, 0, 0, 0, 0, 0, 0, 0, 71, 163, 59, 64, 126, 240, 81, 190, 0, 0, 0, 0, 0, 0, 0, 0, 73, 76, 59, 64, 131, 75, 55, 190, 0, 0, 0, 0, 0, 0, 0, 0, 35, 149, 59, 64, 33, 76, 29, 190, 0, 0, 0, 0, 0, 0, 0, 0, 97, 218, 59, 64, 248, 59, 3, 190, 0, 0, 0, 0, 0, 0, 0, 0, 65, 120, 59, 64, 26, 128, 209, 189, 0, 0, 0, 0, 0, 0, 0, 0, 234, 83, 59, 64, 23, 251, 156, 189, 0, 0, 0, 0, 0, 0, 0, 0, 99, 66, 60, 64, 13, 84, 82, 189, 0, 0, 0, 0, 0, 0, 0, 0, 195, 65, 59, 64, 43, 54, 209, 188, 0, 0, 0, 0, 0, 0, 0, 0, 230, 208, 58, 64, 189, 182, 156, 182, 0, 0, 0, 0, 0, 0, 0, 0, 113, 180, 59, 64, 157, 162, 209, 60, 0, 0, 0, 0, 0, 0, 0, 0, 36, 11, 59, 64, 130, 238, 80, 61, 0, 0, 0, 0, 0, 0, 0, 0, 166, 241, 58, 64, 215, 163, 156, 61, 0, 0, 0, 0, 0, 0, 0, 0, 1, 153, 59, 64, 200, 159, 209, 61, 0, 0, 0, 0, 0, 0, 0, 0, 125, 212, 58, 64, 144, 130, 2, 62, 0, 0, 0, 0, 0, 0, 0, 0, 228, 1, 59, 64, 50, 206, 28, 62, 0, 0, 0, 0, 0, 0, 0, 0, 135, 250, 58, 64, 10, 249, 54, 62, 0, 0, 0, 0, 0, 0, 0, 0, 224, 48, 59, 64, 9, 110, 81, 62, 0, 0, 0, 0, 0, 0, 0, 0, 208, 126, 58, 64, 211, 213, 106, 62, 0, 0, 0, 0, 0, 0, 0, 0, 25, 239, 58, 64, 157, 213, 130, 62, 0, 0, 0, 0, 0, 0, 0, 0, 130, 135, 58, 64, 246, 174, 143, 62, 0, 0, 0, 0, 0, 0, 0, 0, 190, 158, 58, 64, 1, 234, 156, 62, 0, 0, 0, 0, 0, 0, 0, 0, 157, 3, 59, 64, 72, 117, 170, 62, 0, 0, 0, 0, 0, 0, 0, 0, 60, 19, 59, 64, 210, 193, 183, 62, 0, 0, 0, 0, 0, 0, 0, 0, 94, 173, 58, 64, 26, 156, 196, 62, 0, 0, 0, 0, 0, 0, 0, 0, 145, 71, 59, 64, 155, 143, 210, 62, 0, 0, 0, 0, 0, 0, 0, 0, 235, 185, 58, 64, 186, 63, 223, 62, 0, 0, 0, 0, 0, 0, 0, 0, 241, 137, 58, 64, 57, 91, 236, 62, 0, 0, 0, 0, 0, 0, 0, 0, 101, 199, 58, 64, 202, 11, 250, 62, 0, 0, 0, 0, 0, 0, 0, 0, 123, 95, 58, 64, 247, 114, 3, 63, 0, 0, 0, 0, 0, 0, 0, 0, 119, 52, 58, 64, 254, 10, 10, 63, 0, 0, 0, 0, 0, 0, 0, 0, 162, 245, 57, 64, 18, 150, 16, 63, 0, 0, 0, 0, 0, 0, 0, 0, 202, 115, 58, 64, 63, 188, 23, 63, 0, 0, 0, 0, 0, 0, 0, 0, 45, 253, 57, 64, 166, 33, 30, 63, 0, 0, 0, 0, 0, 0, 0, 0, 1, 67, 58, 64, 241, 43, 37, 63, 0, 0, 0, 0, 0, 0, 0, 0, 139, 148, 58, 64, 237, 76, 44, 63, 0, 0, 0, 0, 0, 0, 0, 0, 251, 194, 57, 64, 110, 99, 50, 63, 0, 0, 0, 0, 0, 0, 0, 0, 52, 44, 58, 64, 194, 171, 57, 63, 0, 0, 0, 0, 0, 0, 0, 0, 213, 178, 57, 64, 46, 25, 64, 63, 0, 0, 0, 0, 0, 0, 0, 0, 54, 117, 57, 64, 151, 197, 70, 63, 0, 0, 0, 0, 0, 0, 0, 0, 147, 32, 58, 64, 37, 120, 78, 63, 0, 0, 0, 0, 0, 0, 0, 0, 51, 124, 57, 64, 43, 191, 84, 63, 0, 0, 0, 0, 0, 0, 0, 0, 87, 30, 58, 64, 160, 133, 92, 63, 0, 0, 0, 0, 0, 0, 0, 0, 95, 255, 57, 64, 150, 117, 99, 63, 0, 0, 0, 0, 0, 0, 0, 0, 230, 110, 57, 64, 189, 221, 105, 63, 0, 0, 0, 0, 0, 0, 0, 0, 35, 103, 57, 64, 129, 246, 112, 63, 0, 0, 0, 0, 0, 0, 0, 0, 188, 168, 57, 64, 62, 123, 120, 63, 0, 0, 0, 0, 0, 0, 0, 0, 24, 121, 57, 64, 224, 115, 127, 63, 0, 0, 0, 0, 0, 0, 0, 0, 215, 192, 57, 64, 134, 142, 131, 63, 0, 0, 0, 0, 0, 0, 0, 0, 164, 182, 57, 64, 12, 48, 135, 63, 0, 0, 0, 0, 0, 0, 0, 0, 222, 75, 57, 64, 236, 142, 138, 63, 0, 0, 0, 0, 0, 0, 0, 0, 176, 45, 58, 64, 13, 239, 142, 63, 0, 0, 0, 0, 0, 0, 0, 0, 111, 216, 57, 64, 140, 105, 146, 63, 0, 0, 0, 0, 0, 0, 0, 0, 204, 187, 57, 64, 243, 20, 150, 63, 0, 0, 0, 0, 0, 0, 0, 0, 194, 63, 57, 64, 246, 118, 153, 63, 0, 0, 0, 0, 0, 0, 0, 0, 172, 101, 57, 64, 104, 100, 157, 63, 0, 0, 0, 0, 0, 0, 0, 0, 15, 180, 56, 64, 58, 159, 160, 63, 0, 0, 0, 0, 0, 0, 0, 0, 42, 57, 57, 64, 205, 238, 164, 63, 0, 0, 0, 0, 0, 0, 0, 0, 242, 64, 57, 64, 107, 217, 168, 63, 0, 0, 0, 0, 0, 0, 0, 0, 160, 219, 56, 64, 147, 102, 172, 63, 0, 0, 0, 0, 0, 0, 0, 0, 105, 84, 56, 64, 68, 215, 175, 63, 0, 0, 0, 0, 0, 0, 0, 0, 157, 239, 56, 64, 226, 101, 180, 63, 0, 0, 0, 0, 0, 0, 0, 0, 70, 168, 56, 64, 2, 34, 184, 63, 0, 0, 0, 0, 0, 0, 0, 0, 249, 135, 56, 64, 198, 11, 188, 63, 0, 0, 0, 0, 0, 0, 0, 0, 48, 171, 56, 64, 165, 67, 192, 63, 0, 0, 0, 0, 0, 0, 0, 0, 226, 16, 57, 64, 78, 205, 196, 63, 0, 0, 0, 0, 0, 0, 0, 0, 61, 195, 56, 64, 158, 162, 200, 63, 0, 0, 0, 0, 0, 0, 0, 0, 71, 184, 56, 64, 120, 200, 204, 63, 0, 0, 0, 0, 0, 0, 0, 0, 19, 82, 56, 64, 6, 145, 208, 63, 0, 0, 0, 0, 0, 0, 0, 0, 251, 16, 57, 64, 13, 178, 213, 63, 0, 0, 0, 0, 0, 0, 0, 0, 76, 131, 56, 64, 66, 95, 217, 63, 0, 0, 0, 0, 0, 0, 0, 0, 67, 69, 56, 64, 241, 112, 221, 63, 0, 0, 0, 0, 0, 0, 0, 0, 91, 169, 56, 64, 32, 82, 226, 63, 0, 0, 0, 0, 0, 0, 0, 0, 126, 81, 56, 64, 92, 89, 230, 63, 0, 0, 0, 0, 0, 0, 0, 0, 101, 230, 55, 64, 81, 80, 234, 63, 0, 0, 0, 0, 0, 0, 0, 0, 16, 63, 55, 64, 159, 0, 238, 63, 0, 0, 0, 0, 0, 0, 0, 0, 172, 68, 55, 64, 196, 154, 242, 63, 0, 0, 0, 0, 0, 0, 0, 0, 227, 28, 56, 64, 228, 94, 248, 63, 0, 0, 0, 0, 0, 0, 0, 0, 176, 140, 55, 64, 175, 76, 252, 63, 0, 0, 0, 0, 0, 0, 0, 0, 7, 206, 55, 64, 127, 179, 0, 64, 0, 0, 0, 0, 0, 0, 0, 0, 211, 196, 55, 64, 169, 20, 3, 64, 0, 0, 0, 0, 0, 0, 0, 0, 56, 211, 54, 64, 112, 212, 4, 64, 0, 0, 0, 0, 0, 0, 0, 0, 174, 196, 55, 64, 37, 251, 7, 64, 0, 0, 0, 0, 0, 0, 0, 0, 11, 35, 55, 64, 209, 0, 10, 64, 0, 0, 0, 0, 0, 0, 0, 0, 233, 101, 55, 64, 216, 185, 12, 64, 0, 0, 0, 0, 0, 0, 0, 0, 34, 18, 55, 64, 191, 7, 15, 64, 0, 0, 0, 0, 0, 0, 0, 0, 204, 170, 54, 64, 184, 76, 17, 64, 0, 0, 0, 0, 0, 0, 0, 0, 137, 59, 55, 64, 226, 96, 20, 64, 0, 0, 0, 0, 0, 0, 0, 0, 121, 222, 54, 64, 200, 190, 22, 64, 0, 0, 0, 0, 0, 0, 0, 0, 194, 79, 55, 64, 249, 208, 25, 64, 0, 0, 0, 0, 0, 0, 0, 0, 101, 127, 54, 64, 10, 222, 27, 64, 0, 0, 0, 0, 0, 0, 0, 0, 92, 148, 54, 64, 175, 182, 30, 64, 0, 0, 0, 0, 0, 0, 0, 0, 57, 209, 54, 64, 34, 190, 33, 64, 0, 0, 0, 0, 0, 0, 0, 0, 205, 101, 54, 64, 50, 59, 36, 64, 0, 0, 0, 0, 0, 0, 0, 0, 72, 59, 54, 64, 237, 251, 38, 64, 0, 0, 0, 0, 0, 0, 0, 0, 200, 151, 54, 64, 47, 69, 42, 64, 0, 0, 0, 0, 0, 0, 0, 0, 58, 221, 54, 64, 255, 135, 45, 64, 0, 0, 0, 0, 0, 0, 0, 0, 181, 55, 54, 64, 18, 247, 47, 64, 0, 0, 0, 0, 0, 0, 0, 0, 22, 23, 54, 64, 107, 240, 50, 64, 0, 0, 0, 0, 0, 0, 0, 0, 31, 225, 53, 64, 6, 225, 53, 64, 0, 0, 0, 0, 0, 0, 0, 0, 7, 173, 53, 64, 213, 223, 56, 64, 0, 0, 0, 0, 0, 0, 0, 0, 151, 156, 53, 64, 99, 16, 60, 64, 0, 0, 0, 0, 0, 0, 0, 0, 206, 185, 53, 64, 168, 127, 63, 64, 0, 0, 0, 0, 0, 0, 0, 0, 147, 35, 53, 64, 83, 63, 66, 64, 0, 0, 0, 0, 0, 0, 0, 0, 44, 131, 53, 64, 235, 21, 70, 64, 0, 0, 0, 0, 0, 0, 0, 0, 64, 169, 53, 64, 54, 193, 73, 64, 0, 0, 0, 0, 0, 0, 0, 0, 44, 244, 52, 64, 217, 135, 76, 64, 0, 0, 0, 0, 0, 0, 0, 0, 178, 161, 52, 64, 226, 202, 79, 64, 0, 0, 0, 0, 0, 0, 0, 0, 254, 131, 52, 64, 49, 91, 83, 64, 0, 0, 0, 0, 0, 0, 0, 0, 235, 110, 52, 64, 22, 8, 87, 64, 0, 0, 0, 0, 0, 0, 0, 0, 163, 45, 52, 64, 196, 146, 90, 64, 0, 0, 0, 0, 0, 0, 0, 0, 175, 122, 52, 64, 117, 223, 94, 64, 0, 0, 0, 0, 0, 0, 0, 0, 203, 173, 52, 64, 223, 36, 99, 64, 0, 0, 0, 0, 0, 0, 0, 0, 29, 213, 51, 64, 180, 44, 102, 64, 0, 0, 0, 0, 0, 0, 0, 0, 190, 235, 51, 64, 29, 122, 106, 64, 0, 0, 0, 0, 0, 0, 0, 0, 15, 26, 52, 64, 177, 0, 111, 64, 0, 0, 0, 0, 0, 0, 0, 0, 232, 223, 51, 64, 15, 22, 115, 64, 0, 0, 0, 0, 0, 0, 0, 0, 252, 150, 51, 64, 5, 47, 119, 64, 0, 0, 0, 0, 0, 0, 0, 0, 168, 15, 51, 64, 182, 8, 123, 64, 0, 0, 0, 0, 0, 0, 0, 0, 32, 92, 51, 64, 116, 19, 128, 64, 0, 0, 0, 0, 0, 0, 0, 0, 138, 28, 51, 64, 222, 77, 130, 64, 0, 0, 0, 0, 0, 0, 0, 0, 78, 250, 50, 64, 40, 172, 132, 64, 0, 0, 0, 0, 0, 0, 0, 0, 193, 71, 50, 64, 3, 173, 134, 64, 0, 0, 0, 0, 0, 0, 0, 0, 197, 110, 50, 64, 130, 97, 137, 64, 0, 0, 0, 0, 0, 0, 0, 0, 161, 102, 50, 64, 51, 4, 140, 64, 0, 0, 0, 0, 0, 0, 0, 0, 225, 169, 50, 64, 227, 245, 142, 64, 0, 0, 0, 0, 0, 0, 0, 0, 140, 230, 49, 64, 68, 39, 145, 64, 0, 0, 0, 0, 0, 0, 0, 0, 201, 7, 50, 64, 87, 37, 148, 64, 0, 0, 0, 0, 0, 0, 0, 0, 111, 240, 49, 64, 65, 10, 151, 64, 0, 0, 0, 0, 0, 0, 0, 0, 22, 0, 48, 64, 159, 107, 152, 64, 0, 0, 0, 0, 0, 0, 0, 0, 226, 28, 45, 64, 208, 252, 152, 64, 0, 0, 0, 0, 0, 0, 0, 0, 159, 232, 41, 64, 226, 66, 153, 64, 0, 0, 0, 0, 0, 0, 0, 0, 54, 56, 38, 64, 154, 17, 153, 64, 0, 0, 0, 0, 0, 0, 0, 0, 81, 179, 34, 64, 64, 255, 152, 64, 0, 0, 0, 0, 0, 0, 0, 0, 192, 42, 31, 64, 196, 224, 152, 64, 0, 0, 0, 0, 0, 0, 0, 0, 0, 159, 27, 64, 24, 182, 152, 64, 0, 0, 0, 0, 0, 0, 0, 0, 96, 221, 23, 64, 215, 75, 152, 64, 0, 0, 0, 0, 0, 0, 0, 0, 87, 185, 20, 64, 209, 118, 152, 64, 0, 0, 0, 0, 0, 0, 0, 0, 104, 101, 17, 64, 1, 106, 152, 64, 0, 0, 0, 0, 0, 0, 0, 0, 254, 96, 14, 64, 103, 170, 152, 64, 0, 0, 0, 0, 0, 0, 0, 0, 194, 131, 10, 64, 129, 248, 151, 64, 0, 0, 0, 0, 0, 0, 0, 0, 116, 99, 7, 64, 8, 11, 152, 64, 0, 0, 0, 0, 0, 0, 0, 0, 72, 82, 4, 64, 148, 40, 152, 64, 0, 0, 0, 0, 0, 0, 0, 0, 22, 169, 0, 64, 68, 141, 151, 64, 0, 0, 0, 0, 0, 0, 0, 0, 106, 146, 249, 63, 20, 161, 150, 64, 0, 0, 0, 0, 0, 0, 0, 0, 106, 74, 242, 63, 252, 235, 149, 64, 0, 0, 0, 0, 0, 0, 0, 0, 28, 212, 235, 63, 172, 171, 149, 64, 0, 0, 0, 0, 0, 0, 0, 0, 50, 23, 230, 63, 203, 217, 149, 64, 0, 0, 0, 0, 0, 0, 0, 0, 158, 114, 224, 63, 200, 19, 150, 64, 0, 0, 0, 0, 0, 0, 0, 0, 120, 137, 217, 63, 37, 107, 149, 64, 0, 0, 0, 0, 0, 0, 0, 0, 116, 106, 211, 63, 5, 65, 149, 64, 0, 0, 0, 0, 0, 0, 0, 0, 255, 39, 206, 63, 228, 173, 149, 64, 0, 0, 0, 0, 0, 0, 0, 0, 119, 236, 200, 63, 146, 31, 150, 64, 0, 0, 0, 0, 0, 0, 0, 0, 196, 5, 115, 58, 53, 252, 58, 59, 0, 0, 0, 0, 0, 0, 0, 0, 131, 124, 108, 58, 29, 130, 59, 59, 0, 0, 0, 0, 0, 0, 0, 0, 166, 238, 101, 58, 92, 4, 60, 59, 0, 0, 0, 0, 0, 0, 0, 0, 77, 92, 95, 58, 241, 130, 60, 59, 0, 0, 0, 0, 0, 0, 0, 0, 153, 197, 88, 58, 218, 253, 60, 59, 0, 0, 0, 0, 0, 0, 0, 0, 172, 42, 82, 58, 19, 117, 61, 59, 0, 0, 0, 0, 0, 0, 0, 0, 166, 139, 75, 58, 155, 232, 61, 59, 0, 0, 0, 0, 0, 0, 0, 0, 169, 232, 68, 58, 111, 88, 62, 59, 0, 0, 0, 0, 0, 0, 0, 0, 43, 71, 157, 63, 60, 179, 157, 64, 0, 0, 0, 0, 0, 0, 0, 0, 140, 253, 150, 63, 110, 58, 157, 64, 0, 0, 0, 0, 0, 0, 0, 0, 3, 46, 145, 63, 108, 53, 157, 64, 0, 0, 0, 0, 0, 0, 0, 0, 17, 197, 139, 63, 246, 156, 157, 64, 0, 0, 0, 0, 0, 0, 0, 0, 153, 19, 134, 63, 101, 177, 157, 64, 0, 0, 0, 0, 0, 0, 0, 0, 237, 46, 124, 63, 18, 240, 154, 64, 0, 0, 0, 0, 0, 0, 0, 0, 96, 197, 112, 63, 124, 212, 154, 64, 0, 0, 0, 0, 0, 0, 0, 0, 200, 64, 101, 63, 99, 157, 154, 64, 0, 0, 0, 0, 0, 0, 0, 0, 30, 246, 89, 63, 40, 131, 154, 64, 0, 0, 0, 0, 0, 0, 0, 0, 30, 10, 79, 63, 70, 166, 154, 64, 0, 0, 0, 0, 0, 0, 0, 0, 145, 252, 60, 63, 22, 38, 149, 64, 0, 0, 0, 0, 0, 0, 0, 0, 254, 3, 49, 63, 58, 13, 148, 64, 0, 0, 0, 0, 0, 0, 0, 0, 203, 208, 38, 63, 169, 93, 148, 64, 0, 0, 0, 0, 0, 0, 0, 0, 241, 12, 28, 63, 85, 41, 148, 64, 0, 0, 0, 0, 0, 0, 0, 0, 105, 235, 17, 63, 98, 140, 148, 64, 0, 0, 0, 0, 0, 0, 0, 0, 74, 35, 7, 63, 187, 65, 148, 64, 0, 0, 0, 0, 0, 0, 0, 0, 102, 158, 249, 62, 44, 110, 148, 64, 0, 0, 0, 0, 0, 0, 0, 0, 165, 251, 228, 62, 227, 159, 148, 64, 0, 0, 0, 0, 0, 0, 0, 0, 207, 239, 208, 62, 251, 64, 149, 64, 0, 0, 0, 0, 0, 0, 0, 0, 113, 187, 188, 62, 95, 223, 149, 64, 0, 0, 0, 0, 0, 0, 0, 0, 81, 250, 167, 62, 30, 33, 150, 64, 0, 0, 0, 0, 0, 0, 0, 0, 135, 74, 147, 62, 179, 128, 150, 64, 0, 0, 0, 0, 0, 0, 0, 0, 43, 148, 123, 62, 139, 0, 150, 64, 0, 0, 0, 0, 0, 0, 0, 0, 228, 185, 81, 62, 212, 24, 150, 64, 0, 0, 0, 0, 0, 0, 0, 0, 118, 123, 39, 62, 83, 220, 149, 64, 0, 0, 0, 0, 0, 0, 0, 0, 2, 239, 250, 61, 108, 181, 149, 64, 0, 0, 0, 0, 0, 0, 0, 0, 41, 89, 167, 61, 233, 196, 149, 64, 0, 0, 0, 0, 0, 0, 0, 0, 240, 118, 39, 61, 173, 217, 149, 64, 0, 0, 0, 0, 0, 0, 0, 0, 50, 86, 157, 55, 46, 178, 149, 64, 0, 0, 0, 0, 0, 0, 0, 0, 57, 189, 38, 189, 157, 86, 149, 64, 0, 0, 0, 0, 0, 0, 0, 0, 90, 87, 164, 189, 71, 37, 147, 64, 0, 0, 0, 0, 0, 0, 0, 0, 179, 219, 221, 189, 20, 103, 132, 64, 0, 0, 0, 0, 0, 0, 0, 0, 234, 247, 17, 190, 240, 163, 130, 64, 0, 0, 0, 0, 0, 0, 0, 0, 145, 40, 55, 190, 109, 27, 131, 64, 0, 0, 0, 0, 0, 0, 0, 0, 58, 3, 91, 190, 212, 154, 130, 64, 0, 0, 0, 0, 0, 0, 0, 0, 222, 84, 128, 190, 160, 37, 131, 64, 0, 0, 0, 0, 0, 0, 0, 0, 113, 44, 146, 190, 49, 168, 130, 64, 0, 0, 0, 0, 0, 0, 0, 0, 113, 187, 164, 190, 216, 211, 130, 64, 0, 0, 0, 0, 0, 0, 0, 0, 182, 162, 182, 190, 72, 122, 130, 64, 0, 0, 0, 0, 0, 0, 0, 0, 173, 161, 201, 190, 250, 225, 130, 64, 0, 0, 0, 0, 0, 0, 0, 0, 136, 29, 217, 190, 230, 28, 129, 64, 0, 0, 0, 0, 0, 0, 0, 0, 170, 17, 204, 190, 69, 229, 95, 64, 0, 0, 0, 0, 0, 0, 0, 0, 226, 225, 217, 190, 130, 210, 93, 64, 0, 0, 0, 0, 0, 0, 0, 0, 119, 190, 226, 190, 92, 75, 87, 64, 0, 0, 0, 0, 0, 0, 0, 0, 248, 195, 241, 190, 241, 9, 87, 64, 0, 0, 0, 0, 0, 0, 0, 0, 70, 220, 255, 190, 227, 1, 86, 64, 0, 0, 0, 0, 0, 0, 0, 0, 129, 152, 7, 191, 67, 9, 86, 64, 0, 0, 0, 0, 0, 0, 0, 0, 218, 188, 15, 191, 255, 189, 86, 64, 0, 0, 0, 0, 0, 0, 0, 0, 23, 246, 22, 191, 209, 10, 86, 64, 0, 0, 0, 0, 0, 0, 0, 0, 240, 180, 30, 191, 20, 21, 86, 64, 0, 0, 0, 0, 0, 0, 0, 0, 95, 175, 37, 191, 135, 25, 85, 64, 0, 0, 0, 0, 0, 0, 0, 0, 167, 160, 45, 191, 119, 91, 85, 64, 0, 0, 0, 0, 0, 0, 0, 0, 225, 221, 53, 191, 206, 232, 85, 64, 0, 0, 0, 0, 0, 0, 0, 0, 36, 126, 61, 191, 34, 177, 85, 64, 0, 0, 0, 0, 0, 0, 0, 0, 89, 212, 68, 191, 75, 37, 85, 64, 0, 0, 0, 0, 0, 0, 0, 0, 17, 220, 76, 191, 153, 84, 85, 64, 0, 0, 0, 0, 0, 0, 0, 0, 68, 126, 83, 191, 113, 17, 84, 64, 0, 0, 0, 0, 0, 0, 0, 0, 162, 102, 86, 191, 232, 66, 79, 64, 0, 0, 0, 0, 0, 0, 0, 0, 105, 88, 85, 191, 237, 14, 71, 64, 0, 0, 0, 0, 0, 0, 0, 0, 140, 89, 84, 191, 104, 110, 63, 64, 0, 0, 0, 0, 0, 0, 0, 0, 242, 30, 83, 191, 5, 18, 56, 64, 0, 0, 0, 0, 0, 0, 0, 0, 153, 12, 82, 191, 65, 72, 49, 64, 0, 0, 0, 0, 0, 0, 0, 0, 165, 49, 81, 191, 104, 16, 43, 64, 0, 0, 0, 0, 0, 0, 0, 0, 189, 117, 80, 191, 120, 74, 37, 64, 0, 0, 0, 0, 0, 0, 0, 0, 220, 86, 79, 191, 202, 136, 31, 64, 0, 0, 0, 0, 0, 0, 0, 0, 5, 34, 79, 191, 73, 196, 26, 64, 0, 0, 0, 0, 0, 0, 0, 0, 33, 220, 78, 191, 173, 49, 22, 64, 0, 0, 0, 0, 0, 0, 0, 0, 198, 212, 76, 191, 235, 155, 16, 64, 0, 0, 0, 0, 0, 0, 0, 0, 53, 14, 77, 191, 85, 217, 12, 64, 0, 0, 0, 0, 0, 0, 0, 0, 185, 172, 76, 191, 255, 219, 8, 64, 0, 0, 0, 0, 0, 0, 0, 0, 135, 31, 76, 191, 50, 241, 4, 64, 0, 0, 0, 0, 0, 0, 0, 0, 92, 8, 75, 191, 3, 220, 0, 64, 0, 0, 0, 0, 0, 0, 0, 0, 107, 221, 73, 191, 48, 210, 249, 63, 0, 0, 0, 0, 0, 0, 0, 0, 183, 151, 74, 191, 36, 142, 244, 63, 0, 0, 0, 0, 0, 0, 0, 0, 120, 192, 73, 191, 38, 167, 237, 63, 0, 0, 0, 0, 0, 0, 0, 0, 219, 227, 72, 191, 1, 3, 231, 63, 0, 0, 0, 0, 0, 0, 0, 0, 114, 42, 73, 191, 178, 234, 225, 63, 0, 0, 0, 0, 0, 0, 0, 0, 100, 207, 73, 191, 115, 107, 221, 63, 0, 0, 0, 0, 0, 0, 0, 0, 46, 59, 73, 191, 64, 198, 215, 63, 0, 0, 0, 0, 0, 0, 0, 0, 116, 118, 73, 191, 241, 48, 211, 63, 0, 0, 0, 0, 0, 0, 0, 0, 50, 78, 71, 191, 91, 82, 204, 63, 0, 0, 0, 0, 0, 0, 0, 0, 35, 61, 68, 191, 224, 204, 196, 63, 0, 0, 0, 0, 0, 0, 0, 0, 250, 146, 69, 191, 57, 226, 193, 63, 0, 0, 0, 0, 0, 0, 0, 0, 15, 29, 70, 191, 18, 74, 190, 63, 0, 0, 0, 0, 0, 0, 0, 0, 133, 168, 67, 191, 41, 254, 183, 63, 0, 0, 0, 0, 0, 0, 0, 0, 43, 70, 69, 191, 117, 171, 181, 63, 0, 0, 0, 0, 0, 0, 0, 0, 72, 89, 67, 191, 73, 54, 176, 63, 0, 0, 0, 0, 0, 0, 0, 0, 228, 166, 68, 191, 22, 203, 173, 63, 0, 0, 0, 0, 0, 0, 0, 0, 96, 83, 67, 191, 225, 40, 169, 63, 0, 0, 0, 0, 0, 0, 0, 0, 77, 205, 67, 191, 156, 52, 166, 63, 0, 0, 0, 0, 0, 0, 0, 0, 171, 169, 67, 191, 67, 210, 162, 63, 0, 0, 0, 0, 0, 0, 0, 0, 143, 37, 65, 191, 140, 152, 157, 63, 0, 0, 0, 0, 0, 0, 0, 0, 201, 231, 64, 191, 232, 91, 154, 63, 0, 0, 0, 0, 0, 0, 0, 0, 124, 74, 64, 191, 168, 235, 150, 63, 0, 0, 0, 0, 0, 0, 0, 0, 171, 217, 63, 191, 205, 182, 147, 63, 0, 0, 0, 0, 0, 0, 0, 0, 45, 116, 63, 191, 62, 161, 144, 63, 0, 0, 0, 0, 0, 0, 0, 0, 222, 100, 63, 191, 253, 224, 141, 63, 0, 0, 0, 0, 0, 0, 0, 0, 184, 105, 64, 191, 197, 251, 139, 63, 0, 0, 0, 0, 0, 0, 0, 0, 158, 240, 64, 191, 138, 198, 137, 63, 0, 0, 0, 0, 0, 0, 0, 0, 57, 214, 61, 191, 161, 18, 133, 63, 0, 0, 0, 0, 0, 0, 0, 0, 128, 154, 64, 191, 209, 140, 132, 63, 0, 0, 0, 0, 0, 0, 0, 0, 114, 226, 61, 191, 36, 79, 128, 63, 0, 0, 0, 0, 0, 0, 0, 0, 203, 9, 63, 191, 51, 133, 125, 63, 0, 0, 0, 0, 0, 0, 0, 0, 128, 238, 64, 191, 247, 111, 123, 63, 0, 0, 0, 0, 0, 0, 0, 0, 63, 140, 62, 191, 219, 228, 115, 63, 0, 0, 0, 0, 0, 0, 0, 0, 226, 152, 62, 191, 8, 158, 111, 63, 0, 0, 0, 0, 0, 0, 0, 0, 245, 199, 61, 191, 36, 93, 106, 63, 0, 0, 0, 0, 0, 0, 0, 0, 34, 7, 62, 191, 159, 134, 102, 63, 0, 0, 0, 0, 0, 0, 0, 0, 196, 14, 62, 191, 107, 129, 98, 63, 0, 0, 0, 0, 0, 0, 0, 0, 61, 135, 63, 191, 30, 65, 96, 63, 0, 0, 0, 0, 0, 0, 0, 0, 112, 159, 62, 191, 58, 74, 91, 63, 0, 0, 0, 0, 0, 0, 0, 0, 245, 34, 61, 191, 143, 200, 85, 63, 0, 0, 0, 0, 0, 0, 0, 0, 237, 108, 60, 191, 103, 69, 81, 63, 0, 0, 0, 0, 0, 0, 0, 0, 192, 210, 59, 191, 248, 249, 76, 63, 0, 0, 0, 0, 0, 0, 0, 0, 92, 187, 60, 191, 185, 100, 74, 63, 0, 0, 0, 0, 0, 0, 0, 0, 111, 141, 60, 191, 52, 178, 70, 63, 0, 0, 0, 0, 0, 0, 0, 0, 8, 20, 59, 191, 120, 186, 65, 63, 0, 0, 0, 0, 0, 0, 0, 0, 116, 129, 59, 191, 113, 207, 62, 63, 0, 0, 0, 0, 0, 0, 0, 0, 205, 253, 58, 191, 154, 254, 58, 63, 0, 0, 0, 0, 0, 0, 0, 0]
is_dense: True
---

